4491886.544291 433528.536246 0.000000 1608.240967 1.000000 63424800.000000 0.000000
4491856.544291 433528.536246 30.000000 1608.597900 64.000000 63331200.000000 0.009249
4491856.544291 433558.536246 60.000000 1610.158203 16.000000 63176400.000000 0.018505
4491856.544291 433588.536246 90.000000 1611.844727 16.000000 63137700.000000 0.027770
4491826.544291 433618.536246 132.420000 1614.121704 32.000000 63097200.000000 0.040875
4491826.544291 433648.536246 162.420000 1615.713501 16.000000 63076500.000000 0.050146
4491796.544291 433678.536246 204.840000 1617.891724 32.000000 63029700.000000 0.063257
4491796.544291 433708.536246 234.840000 1619.175415 16.000000 63009900.000000 0.072532
4491796.544291 433738.536246 264.840000 1620.472534 16.000000 62990100.000000 0.081809
4491766.544291 433768.536246 307.260000 1621.892334 32.000000 62951400.000000 0.094928
4491766.544291 433798.536246 337.260000 1622.834961 16.000000 62914500.000000 0.104208
4491736.544291 433828.536246 379.680000 1624.097290 32.000000 62886600.000000 0.117334
4491736.544291 433858.536246 409.680000 1624.808105 16.000000 62867700.000000 0.126619
4491736.544291 433888.536246 439.680000 1625.665649 16.000000 62848800.000000 0.135905
4491706.544291 433918.536246 482.100000 1626.823364 32.000000 62804700.000000 0.149037
4491706.544291 433948.536246 512.100000 1627.643066 16.000000 62767800.000000 0.158327
4491706.544291 433978.536246 542.100000 1628.688721 16.000000 62748000.000000 0.167620
4491676.544291 434008.536246 584.520000 1630.361328 32.000000 62447400.000000 0.180762
4491676.544291 434038.536246 614.520000 1631.430542 16.000000 62410500.000000 0.190076
4491676.544291 434068.536246 644.520000 1632.681274 16.000000 62391600.000000 0.199392
4491676.544291 434098.536246 674.520000 1634.124756 16.000000 62353800.000000 0.208710
4491646.544291 434128.536246 716.940000 1636.365967 32.000000 62224200.000000 0.221889
4491646.544291 434158.536246 746.940000 1637.888794 16.000000 62205300.000000 0.231218
4491646.544291 434188.536246 776.940000 1639.718140 16.000000 62169300.000000 0.240548
4491646.544291 434218.536246 806.940000 1641.873291 16.000000 62150400.000000 0.249881
4491616.544291 434248.536246 849.360000 1644.810059 32.000000 62085600.000000 0.263080
4491616.544291 434278.536246 879.360000 1646.921875 16.000000 62049600.000000 0.272418
4491616.544291 434308.536246 909.360000 1649.296143 16.000000 62030700.000000 0.281759
4491586.544291 434338.536246 951.780000 1651.905884 32.000000 61975800.000000 0.294969
4491586.544291 434368.536246 981.780000 1653.952393 16.000000 61939800.000000 0.304315
4491556.544291 434398.536246 1024.200000 1656.079590 32.000000 61909200.000000 0.317533
4491526.544291 434428.536246 1066.620000 1658.351807 32.000000 61888500.000000 0.330755
4491526.544291 434458.536246 1096.620000 1659.616089 16.000000 61853400.000000 0.340107
4491496.544291 434488.536246 1139.040000 1661.705566 32.000000 61839000.000000 0.353334
4491496.544291 434518.536246 1169.040000 1663.108398 16.000000 61805700.000000 0.362689
4491466.544291 434548.536246 1211.460000 1665.387939 32.000000 61789500.000000 0.375920
4491466.544291 434578.536246 1241.460000 1666.819214 16.000000 61757100.000000 0.385279
4491466.544291 434608.536246 1271.460000 1668.648071 16.000000 61723800.000000 0.394640
4491436.544291 434638.536246 1313.880000 1670.868164 32.000000 61677900.000000 0.407879
4491436.544291 434668.536246 1343.880000 1672.469971 16.000000 61660800.000000 0.417245
4491436.544291 434698.536246 1373.880000 1674.206543 16.000000 61643700.000000 0.426612
4491436.544291 434728.536246 1403.880000 1675.978271 16.000000 61609500.000000 0.435981
4491436.544291 434758.536246 1433.880000 1677.721802 16.000000 61578000.000000 0.445352
4491436.544291 434788.536246 1463.880000 1679.416992 16.000000 61545600.000000 0.454725
4491436.544291 434818.536246 1493.880000 1681.085449 16.000000 61511400.000000 0.464100
4491436.544291 434848.536246 1523.880000 1682.788940 16.000000 61476300.000000 0.473478
4491436.544291 434878.536246 1553.880000 1684.609253 16.000000 61436700.000000 0.482858
4491406.544291 434908.536246 1596.300000 1687.288940 32.000000 61254900.000000 0.496125
4491406.544291 434938.536246 1626.300000 1689.259644 16.000000 61236900.000000 0.505520
4491406.544291 434968.536246 1656.300000 1691.327026 16.000000 61218000.000000 0.514917
4491406.544291 434998.536246 1686.300000 1693.390503 16.000000 61199100.000000 0.524314
4491406.544291 435028.536246 1716.300000 1695.333862 16.000000 61180200.000000 0.533713
4491406.544291 435058.536246 1746.300000 1697.071655 16.000000 61160400.000000 0.543114
4491406.544291 435088.536246 1776.300000 1698.588623 16.000000 61140600.000000 0.552516
4491406.544291 435118.536246 1806.300000 1699.943848 16.000000 61093800.000000 0.561919
4491406.544291 435148.536246 1836.300000 1701.245117 16.000000 61046100.000000 0.571325
4491406.544291 435178.536246 1866.300000 1702.603760 16.000000 60998400.000000 0.580735
4491406.544291 435208.536246 1896.300000 1704.090942 16.000000 60930000.000000 0.590148
4491406.544291 435238.536246 1926.300000 1705.713501 16.000000 60740100.000000 0.599566
4491406.544291 435268.536246 1956.300000 1707.424194 16.000000 60717600.000000 0.608997
4491406.544291 435298.536246 1986.300000 1709.152100 16.000000 60695100.000000 0.618429
4491406.544291 435328.536246 2016.300000 1710.843750 16.000000 60693300.000000 0.627863
4491406.544291 435358.536246 2046.300000 1712.490967 16.000000 60670800.000000 0.637298
4491406.544291 435388.536246 2076.300000 1714.125488 16.000000 60645600.000000 0.646733
4491406.544291 435418.536246 2106.300000 1715.797363 16.000000 60571800.000000 0.656171
4491376.544291 435448.536246 2148.720000 1717.954590 32.000000 60426900.000000 0.669523
4491376.544291 435478.536246 2178.720000 1719.350586 16.000000 60404400.000000 0.678976
4491376.544291 435508.536246 2208.720000 1720.800049 16.000000 60381000.000000 0.688431
4491376.544291 435538.536246 2238.720000 1722.299194 16.000000 60357600.000000 0.697887
4491376.544291 435568.536246 2268.720000 1723.875977 16.000000 60334200.000000 0.707345
4491376.544291 435598.536246 2298.720000 1725.598145 16.000000 60280200.000000 0.716804
4491376.544291 435628.536246 2328.720000 1727.545776 16.000000 60202800.000000 0.726267
4491406.544291 435658.536246 2371.140000 1730.432251 8.000000 59997600.000000 0.739656
4491406.544291 435688.536246 2401.140000 1732.605591 16.000000 59967900.000000 0.749140
4491406.544291 435718.536246 2431.140000 1734.870605 16.000000 59938200.000000 0.758625
4491406.544291 435748.536246 2461.140000 1737.187012 16.000000 59880600.000000 0.768113
4491406.544291 435778.536246 2491.140000 1739.565186 16.000000 59850900.000000 0.777604
4491406.544291 435808.536246 2521.140000 1742.070068 16.000000 59821200.000000 0.787098
4491436.544291 435838.536246 2563.560000 1745.109497 8.000000 59726700.000000 0.800525
4491436.544291 435868.536246 2593.560000 1747.529419 16.000000 59669100.000000 0.810028
4491436.544291 435898.536246 2623.560000 1750.218018 16.000000 59639400.000000 0.819535
4491436.544291 435928.536246 2653.560000 1753.094849 16.000000 59608800.000000 0.829044
4491436.544291 435958.536246 2683.560000 1756.045898 16.000000 59578200.000000 0.838555
4491436.544291 435988.536246 2713.560000 1758.966431 16.000000 59429700.000000 0.848068
4491436.544291 436018.536246 2743.560000 1761.800415 16.000000 59400000.000000 0.857592
4491436.544291 436048.536246 2773.560000 1764.538696 16.000000 59370300.000000 0.867118
4491436.544291 436078.536246 2803.560000 1767.196899 16.000000 59339700.000000 0.876646
4491436.544291 436108.536246 2833.560000 1769.781128 16.000000 59279400.000000 0.886177
4491436.544291 436138.536246 2863.560000 1772.273804 16.000000 59219100.000000 0.895712
4491436.544291 436168.536246 2893.560000 1774.641113 16.000000 59186700.000000 0.905251
4491436.544291 436198.536246 2923.560000 1776.850464 16.000000 59125500.000000 0.914793
4491436.544291 436228.536246 2953.560000 1778.900513 16.000000 58532400.000000 0.924339
4491436.544291 436258.536246 2983.560000 1780.832397 16.000000 58500900.000000 0.933928
4491436.544291 436288.536246 3013.560000 1782.720093 16.000000 58469400.000000 0.943520
4491436.544291 436318.536246 3043.560000 1784.650269 16.000000 58437900.000000 0.953114
4491436.544291 436348.536246 3073.560000 1786.690186 16.000000 58405500.000000 0.962710
4491436.544291 436378.536246 3103.560000 1788.866333 16.000000 58373100.000000 0.972309
4491436.544291 436408.536246 3133.560000 1791.151367 16.000000 58340700.000000 0.981910
4491436.544291 436438.536246 3163.560000 1793.486450 16.000000 58307400.000000 0.991514
4491436.544291 436468.536246 3193.560000 1795.814819 16.000000 58274100.000000 1.001120
4491436.544291 436498.536246 3223.560000 1798.119629 16.000000 58239900.000000 1.010729
4491436.544291 436528.536246 3253.560000 1800.447388 16.000000 58205700.000000 1.020340
4491436.544291 436558.536246 3283.560000 1802.899414 16.000000 58137300.000000 1.029953
4491436.544291 436588.536246 3313.560000 1805.598267 16.000000 58101300.000000 1.039572
4491466.544291 436618.536246 3355.980000 1809.417603 8.000000 57968100.000000 1.053177
4491466.544291 436648.536246 3385.980000 1812.021606 16.000000 57932100.000000 1.062808
4491466.544291 436678.536246 3415.980000 1814.945679 16.000000 57859200.000000 1.072442
4491466.544291 436708.536246 3445.980000 1818.114990 16.000000 57820500.000000 1.082081
4491466.544291 436738.536246 3475.980000 1821.437378 16.000000 57490200.000000 1.091724
4491466.544291 436768.536246 3505.980000 1824.839233 16.000000 57237300.000000 1.101391
4491466.544291 436798.536246 3535.980000 1828.280884 16.000000 57204900.000000 1.111078
4491466.544291 436828.536246 3565.980000 1831.746948 16.000000 57181500.000000 1.120766
4491436.544291 436858.536246 3608.400000 1836.265869 32.000000 56996100.000000 1.134469
4491436.544291 436888.536246 3638.400000 1839.115112 16.000000 56979900.000000 1.144174
4491436.544291 436918.536246 3668.400000 1841.885254 16.000000 56958300.000000 1.153880
4491436.544291 436948.536246 3698.400000 1844.642456 16.000000 56924100.000000 1.163588
4491406.544291 436978.536246 3740.820000 1847.982422 32.000000 56822400.000000 1.177319
4491406.544291 437008.536246 3770.820000 1850.400146 16.000000 56805300.000000 1.187037
4491406.544291 437038.536246 3800.820000 1853.035889 16.000000 56787300.000000 1.196756
4491406.544291 437068.536246 3830.820000 1855.827148 16.000000 56767500.000000 1.206477
4491406.544291 437098.536246 3860.820000 1858.651489 16.000000 56723400.000000 1.216200
4491406.544291 437128.536246 3890.820000 1861.362671 16.000000 56678400.000000 1.225926
4491406.544291 437158.536246 3920.820000 1863.831787 16.000000 56587500.000000 1.235655
4491406.544291 437188.536246 3950.820000 1865.994385 16.000000 56520900.000000 1.245391
4491406.544291 437218.536246 3980.820000 1867.873291 16.000000 56454300.000000 1.255133
4491406.544291 437248.536246 4010.820000 1869.576538 16.000000 56384100.000000 1.264880
4491406.544291 437278.536246 4040.820000 1871.260864 16.000000 55770300.000000 1.274632
4491406.544291 437308.536246 4070.820000 1873.082886 16.000000 55656000.000000 1.284432
4491406.544291 437338.536246 4100.820000 1875.154663 16.000000 55618200.000000 1.294241
4491406.544291 437368.536246 4130.820000 1877.521973 16.000000 55494000.000000 1.304054
4491406.544291 437398.536246 4160.820000 1880.159058 16.000000 55441800.000000 1.313876
4491406.544291 437428.536246 4190.820000 1882.986084 16.000000 55421100.000000 1.323702
4491376.544291 437458.536246 4233.240000 1886.707520 32.000000 55359900.000000 1.337599
4491376.544291 437488.536246 4263.240000 1889.157959 16.000000 55341000.000000 1.347432
4491376.544291 437518.536246 4293.240000 1891.425415 16.000000 55317600.000000 1.357267
4491376.544291 437548.536246 4323.240000 1893.463257 16.000000 55315800.000000 1.367103
4491376.544291 437578.536246 4353.240000 1895.277466 16.000000 55263600.000000 1.376939
4491376.544291 437608.536246 4383.240000 1896.928711 16.000000 53786700.000000 1.386780
4491376.544291 437638.536246 4413.240000 1898.525024 16.000000 53697600.000000 1.396741
4491376.544291 437668.536246 4443.240000 1900.187744 16.000000 53656200.000000 1.406710
4491376.544291 437698.536246 4473.240000 1902.015747 16.000000 53616600.000000 1.416682
4491376.544291 437728.536246 4503.240000 1904.058228 16.000000 53575200.000000 1.426658
4491376.544291 437758.536246 4533.240000 1906.316772 16.000000 52561800.000000 1.436637
4491376.544291 437788.536246 4563.240000 1908.765869 16.000000 52546500.000000 1.446702
4491376.544291 437818.536246 4593.240000 1911.387695 16.000000 52529400.000000 1.456769
4491376.544291 437848.536246 4623.240000 1914.185913 16.000000 52511400.000000 1.466836
4491376.544291 437878.536246 4653.240000 1917.175659 16.000000 52492500.000000 1.476906
4491376.544291 437908.536246 4683.240000 1920.358887 16.000000 52472700.000000 1.486977
4491376.544291 437938.536246 4713.240000 1923.694580 16.000000 52449300.000000 1.497050
4491376.544291 437968.536246 4743.240000 1927.096191 16.000000 52428600.000000 1.507125
4491376.544291 437998.536246 4773.240000 1930.449341 16.000000 52407000.000000 1.517201
4491376.544291 438028.536246 4803.240000 1933.646484 16.000000 52384500.000000 1.527280
4491376.544291 438058.536246 4833.240000 1936.621826 16.000000 52360200.000000 1.537360
4491376.544291 438088.536246 4863.240000 1939.357300 16.000000 52335000.000000 1.547443
4491376.544291 438118.536246 4893.240000 1941.871948 16.000000 52308900.000000 1.557528
4491376.544291 438148.536246 4923.240000 1944.205444 16.000000 52281900.000000 1.567615
4491376.544291 438178.536246 4953.240000 1946.405518 16.000000 52253100.000000 1.577704
4491376.544291 438208.536246 4983.240000 1948.516479 16.000000 52223400.000000 1.587796
4491376.544291 438238.536246 5013.240000 1950.580933 16.000000 52192800.000000 1.597890
4491346.544291 438268.536246 5055.660000 1953.183350 32.000000 52088400.000000 1.612168
4491346.544291 438298.536246 5085.660000 1954.866211 16.000000 52056900.000000 1.622274
4491346.544291 438328.536246 5115.660000 1956.581543 16.000000 52024500.000000 1.632383
4491346.544291 438358.536246 5145.660000 1958.303589 16.000000 51991200.000000 1.642494
4491346.544291 438388.536246 5175.660000 1959.975220 16.000000 51956100.000000 1.652609
4491346.544291 438418.536246 5205.660000 1961.526611 16.000000 51918300.000000 1.662727
4491346.544291 438448.536246 5235.660000 1962.891968 16.000000 51836400.000000 1.672848
4491346.544291 438478.536246 5265.660000 1964.036865 16.000000 51794100.000000 1.682976
4491346.544291 438508.536246 5295.660000 1964.967773 16.000000 51717600.000000 1.693108
4491346.544291 438538.536246 5325.660000 1965.736694 16.000000 50160600.000000 1.703247
4491346.544291 438568.536246 5355.660000 1966.432739 16.000000 50103900.000000 1.713526
4491346.544291 438598.536246 5385.660000 1967.169067 16.000000 49931100.000000 1.723811
4491346.544291 438628.536246 5415.660000 1968.064819 16.000000 49782600.000000 1.734111
4491346.544291 438658.536246 5445.660000 1969.227905 16.000000 49758300.000000 1.744425
4491346.544291 438688.536246 5475.660000 1970.738892 16.000000 49720500.000000 1.754742
4491316.544291 438718.536246 5518.080000 1973.301758 32.000000 49609800.000000 1.769334
4491316.544291 438748.536246 5548.080000 1975.381836 16.000000 49576500.000000 1.779665
4491316.544291 438778.536246 5578.080000 1977.798950 16.000000 49533300.000000 1.789998
4491286.544291 438808.536246 5620.500000 1981.496582 32.000000 49418100.000000 1.804615
4491286.544291 438838.536246 5650.500000 1984.011597 16.000000 49387500.000000 1.814964
4491286.544291 438868.536246 5680.500000 1986.635864 16.000000 49362300.000000 1.825315
4491256.544291 438898.536246 5722.920000 1990.087891 32.000000 49231800.000000 1.839955
4491256.544291 438928.536246 5752.920000 1992.329468 16.000000 49193100.000000 1.850321
4491256.544291 438958.536246 5782.920000 1994.614258 16.000000 49167000.000000 1.860691
4491256.544291 438988.536246 5812.920000 1996.967163 16.000000 42732000.000000 1.871063
4491256.544291 439018.536246 5842.920000 1999.423828 16.000000 42731100.000000 1.882111
4491256.544291 439048.536246 5872.920000 2002.018066 16.000000 42730200.000000 1.893159
4491256.544291 439078.536246 5902.920000 2004.774780 16.000000 42729300.000000 1.904207
4491256.544291 439108.536246 5932.920000 2007.713501 16.000000 42681600.000000 1.915255
4491256.544291 439138.536246 5962.920000 2010.869873 16.000000 42645600.000000 1.926309
4491256.544291 439168.536246 5992.920000 2014.298340 16.000000 42608700.000000 1.937367
4491256.544291 439198.536246 6022.920000 2018.071411 16.000000 42602400.000000 1.948430
4491256.544291 439228.536246 6052.920000 2022.249146 16.000000 42564600.000000 1.959493
4491256.544291 439258.536246 6082.920000 2026.832397 16.000000 41770800.000000 1.970560
4491256.544291 439288.536246 6112.920000 2031.734009 16.000000 41769900.000000 1.981722
4491256.544291 439318.536246 6142.920000 2036.771484 16.000000 41769000.000000 1.992884
4491256.544291 439348.536246 6172.920000 2041.704224 16.000000 41768100.000000 2.004045
4491256.544291 439378.536246 6202.920000 2046.308472 16.000000 41767200.000000 2.015207
4491256.544291 439408.536246 6232.920000 2050.448242 16.000000 41766300.000000 2.026369
4491256.544291 439438.536246 6262.920000 2054.118896 16.000000 41765400.000000 2.037532
4491256.544291 439468.536246 6292.920000 2057.437256 16.000000 41764500.000000 2.048694
4491256.544291 439498.536246 6322.920000 2060.586426 16.000000 41763600.000000 2.059856
4491256.544291 439528.536246 6352.920000 2063.748291 16.000000 41759100.000000 2.071019
4491256.544291 439558.536246 6382.920000 2067.041992 16.000000 41735700.000000 2.082182
4491256.544291 439588.536246 6412.920000 2070.506592 16.000000 41706000.000000 2.093348
4491226.544291 439618.536246 6455.340000 2075.459229 32.000000 41615100.000000 2.109141
4491226.544291 439648.536246 6485.340000 2079.012695 16.000000 41580900.000000 2.120322
4491226.544291 439678.536246 6515.340000 2082.566162 16.000000 41560200.000000 2.131506
4491226.544291 439708.536246 6545.340000 2086.050537 16.000000 41540400.000000 2.142694
4491226.544291 439738.536246 6575.340000 2089.408691 16.000000 41518800.000000 2.153883
4491226.544291 439768.536246 6605.340000 2092.609619 16.000000 41496300.000000 2.165075
4491226.544291 439798.536246 6635.340000 2095.668213 16.000000 41472900.000000 2.176270
4491226.544291 439828.536246 6665.340000 2098.633057 16.000000 41437800.000000 2.187468
4491196.544291 439858.536246 6707.760000 2102.267578 32.000000 2603700.000000 2.203307
4491196.544291 439888.536246 6737.760000 2104.745605 16.000000 2534400.000000 2.242221
4491166.544291 439918.536246 6780.180000 2108.700195 32.000000 2232000.000000 2.297917
4491136.544291 439948.536246 6822.600000 2114.059082 32.000000 2231100.000000 2.356891
4491106.544291 439948.536246 6852.600000 2119.480469 64.000000 2212200.000000 2.398606
4491076.544291 439948.536246 6882.600000 2127.629639 64.000000 2211300.000000 2.440480
4491046.544291 439948.536246 6912.600000 2138.661621 64.000000 2210400.000000 2.482362
4491016.544291 439948.536246 6942.600000 2152.399902 64.000000 2209500.000000 2.524252
4490986.544291 439948.536246 6972.600000 2168.282959 64.000000 2208600.000000 2.566150
4490956.544291 439948.536246 7002.600000 2185.447266 64.000000 2207700.000000 2.608055
4490926.544291 439948.536246 7032.600000 2202.969971 64.000000 2206800.000000 2.649968
4490896.544291 439948.536246 7062.600000 2220.119873 64.000000 2205900.000000 2.691889
4490866.544291 439948.536246 7092.600000 2236.564941 64.000000 2205000.000000 2.733817
4490836.544291 439948.536246 7122.600000 2252.409180 64.000000 2193300.000000 2.775753
4490806.544291 439948.536246 7152.600000 2268.075439 64.000000 2180700.000000 2.817790
4490776.544291 439978.536246 7195.020000 2290.575439 32.000000 2078100.000000 2.877384
4490746.544291 439978.536246 7225.020000 2306.508057 64.000000 2065500.000000 2.920453
4490716.544291 439978.536246 7255.020000 2322.747314 64.000000 2057400.000000 2.963641
4490686.544291 439978.536246 7285.020000 2338.952393 64.000000 2050200.000000 3.006905
4490656.544291 439978.536246 7315.020000 2354.572998 64.000000 2043900.000000 3.050238
4490626.544291 439978.536246 7345.020000 2369.074219 64.000000 2038500.000000 3.093630
4490596.544291 439978.536246 7375.020000 2382.154053 64.000000 2029500.000000 3.137074
4490566.544291 439978.536246 7405.020000 2393.854736 64.000000 2019600.000000 3.180605
4490536.544291 440008.536246 7447.440000 2408.288086 32.000000 1994400.000000 3.242293
4490506.544291 440008.536246 7477.440000 2417.785645 64.000000 1984500.000000 3.286167
4490476.544291 440008.536246 7507.440000 2427.143066 64.000000 1971900.000000 3.330139
4490446.544291 440008.536246 7537.440000 2436.644531 64.000000 1908900.000000 3.374238
4490416.544291 440038.536246 7579.860000 2449.583496 32.000000 1832400.000000 3.437510
4490386.544291 440038.536246 7609.860000 2458.199463 64.000000 1818000.000000 3.483089
4490356.544291 440038.536246 7639.860000 2467.098145 64.000000 1803600.000000 3.528830
