4491886.544291 433528.536246 0.000000 1608.240967 1.000000 63370800.000000 0.000000
4491856.544291 433528.536246 30.000000 1608.597900 64.000000 63277200.000000 0.009253
4491856.544291 433558.536246 60.000000 1610.158203 16.000000 63122400.000000 0.018512
4491856.544291 433588.536246 90.000000 1611.844727 16.000000 63083700.000000 0.027781
4491826.544291 433618.536246 132.420000 1614.121704 32.000000 63043200.000000 0.040891
4491826.544291 433648.536246 162.420000 1615.713501 16.000000 63022500.000000 0.050165
4491796.544291 433678.536246 204.840000 1617.891724 32.000000 62975700.000000 0.063281
4491796.544291 433708.536246 234.840000 1619.175415 16.000000 62955900.000000 0.072560
4491796.544291 433738.536246 264.840000 1620.472534 16.000000 62936100.000000 0.081840
4491766.544291 433768.536246 307.260000 1621.892334 32.000000 62897400.000000 0.094964
4491766.544291 433798.536246 337.260000 1622.834961 16.000000 62860500.000000 0.104248
4491736.544291 433828.536246 379.680000 1624.097290 32.000000 62832600.000000 0.117379
4491736.544291 433858.536246 409.680000 1624.808105 16.000000 62813700.000000 0.126668
4491736.544291 433888.536246 439.680000 1625.665649 16.000000 62794800.000000 0.135957
4491706.544291 433918.536246 482.100000 1626.823364 32.000000 62750700.000000 0.149094
4491706.544291 433948.536246 512.100000 1627.643066 16.000000 62713800.000000 0.158388
4491706.544291 433978.536246 542.100000 1628.688721 16.000000 62694000.000000 0.167685
4491676.544291 434008.536246 584.520000 1630.361328 32.000000 62393400.000000 0.180831
4491676.544291 434038.536246 614.520000 1631.430542 16.000000 62356500.000000 0.190149
4491676.544291 434068.536246 644.520000 1632.681274 16.000000 62337600.000000 0.199469
4491676.544291 434098.536246 674.520000 1634.124756 16.000000 62299800.000000 0.208791
4491646.544291 434128.536246 716.940000 1636.365967 32.000000 62170200.000000 0.221975
4491646.544291 434158.536246 746.940000 1637.888794 16.000000 62151300.000000 0.231308
4491646.544291 434188.536246 776.940000 1639.718140 16.000000 62115300.000000 0.240642
4491646.544291 434218.536246 806.940000 1641.873291 16.000000 62096400.000000 0.249978
4491616.544291 434248.536246 849.360000 1644.810059 32.000000 62031600.000000 0.263182
4491616.544291 434278.536246 879.360000 1646.921875 16.000000 61995600.000000 0.272524
4491616.544291 434308.536246 909.360000 1649.296143 16.000000 61976700.000000 0.281868
4491586.544291 434338.536246 951.780000 1651.905884 32.000000 61921800.000000 0.295083
4491586.544291 434368.536246 981.780000 1653.952393 16.000000 61885800.000000 0.304433
4491556.544291 434398.536246 1024.200000 1656.079590 32.000000 61855200.000000 0.317657
4491526.544291 434428.536246 1066.620000 1658.351807 32.000000 61834500.000000 0.330883
4491526.544291 434458.536246 1096.620000 1659.616089 16.000000 61799400.000000 0.340239
4491496.544291 434488.536246 1139.040000 1661.705566 32.000000 61785000.000000 0.353471
4491496.544291 434518.536246 1169.040000 1663.108398 16.000000 61751700.000000 0.362830
4491466.544291 434548.536246 1211.460000 1665.387939 32.000000 61735500.000000 0.376066
4491466.544291 434578.536246 1241.460000 1666.819214 16.000000 61703100.000000 0.385429
4491466.544291 434608.536246 1271.460000 1668.648071 16.000000 61669800.000000 0.394793
4491436.544291 434638.536246 1313.880000 1670.868164 32.000000 61623900.000000 0.408038
4491436.544291 434668.536246 1343.880000 1672.469971 16.000000 61606800.000000 0.417408
4491436.544291 434698.536246 1373.880000 1674.206543 16.000000 61589700.000000 0.426779
4491436.544291 434728.536246 1403.880000 1675.978271 16.000000 61555500.000000 0.436151
4491436.544291 434758.536246 1433.880000 1677.721802 16.000000 61524000.000000 0.445525
4491436.544291 434788.536246 1463.880000 1679.416992 16.000000 61491600.000000 0.454902
4491436.544291 434818.536246 1493.880000 1681.085449 16.000000 61457400.000000 0.464281
4491436.544291 434848.536246 1523.880000 1682.788940 16.000000 61422300.000000 0.473662
4491436.544291 434878.536246 1553.880000 1684.609253 16.000000 61382700.000000 0.483046
4491406.544291 434908.536246 1596.300000 1687.288940 32.000000 61200900.000000 0.496318
4491406.544291 434938.536246 1626.300000 1689.259644 16.000000 61182900.000000 0.505717
4491406.544291 434968.536246 1656.300000 1691.327026 16.000000 61164000.000000 0.515118
4491406.544291 434998.536246 1686.300000 1693.390503 16.000000 61145100.000000 0.524519
4491406.544291 435028.536246 1716.300000 1695.333862 16.000000 61126200.000000 0.533922
4491406.544291 435058.536246 1746.300000 1697.071655 16.000000 61106400.000000 0.543326
4491406.544291 435088.536246 1776.300000 1698.588623 16.000000 61086600.000000 0.552732
4491406.544291 435118.536246 1806.300000 1699.943848 16.000000 61039800.000000 0.562139
4491406.544291 435148.536246 1836.300000 1701.245117 16.000000 60992100.000000 0.571549
4491406.544291 435178.536246 1866.300000 1702.603760 16.000000 60944400.000000 0.580962
4491406.544291 435208.536246 1896.300000 1704.090942 16.000000 60876000.000000 0.590379
4491406.544291 435238.536246 1926.300000 1705.713501 16.000000 60686100.000000 0.599800
4491406.544291 435268.536246 1956.300000 1707.424194 16.000000 60663600.000000 0.609235
4491406.544291 435298.536246 1986.300000 1709.152100 16.000000 60641100.000000 0.618671
4491406.544291 435328.536246 2016.300000 1710.843750 16.000000 60639300.000000 0.628109
4491406.544291 435358.536246 2046.300000 1712.490967 16.000000 60616800.000000 0.637547
4491406.544291 435388.536246 2076.300000 1714.125488 16.000000 60591600.000000 0.646987
4491406.544291 435418.536246 2106.300000 1715.797363 16.000000 60517800.000000 0.656428
4491376.544291 435448.536246 2148.720000 1717.954590 32.000000 60372900.000000 0.669786
4491376.544291 435478.536246 2178.720000 1719.350586 16.000000 60350400.000000 0.679243
4491376.544291 435508.536246 2208.720000 1720.800049 16.000000 60327000.000000 0.688701
4491376.544291 435538.536246 2238.720000 1722.299194 16.000000 60303600.000000 0.698161
4491376.544291 435568.536246 2268.720000 1723.875977 16.000000 60280200.000000 0.707623
4491376.544291 435598.536246 2298.720000 1725.598145 16.000000 60226200.000000 0.717086
4491376.544291 435628.536246 2328.720000 1727.545776 16.000000 60148800.000000 0.726553
4491406.544291 435658.536246 2371.140000 1730.432251 8.000000 59943600.000000 0.739947
4491406.544291 435688.536246 2401.140000 1732.605591 16.000000 59913900.000000 0.749434
4491406.544291 435718.536246 2431.140000 1734.870605 16.000000 59884200.000000 0.758924
4491406.544291 435748.536246 2461.140000 1737.187012 16.000000 59826600.000000 0.768415
4491406.544291 435778.536246 2491.140000 1739.565186 16.000000 59796900.000000 0.777911
4491406.544291 435808.536246 2521.140000 1742.070068 16.000000 59767200.000000 0.787408
4491436.544291 435838.536246 2563.560000 1745.109497 8.000000 59672700.000000 0.800841
4491436.544291 435868.536246 2593.560000 1747.529419 16.000000 59615100.000000 0.810348
4491436.544291 435898.536246 2623.560000 1750.218018 16.000000 59585400.000000 0.819858
4491436.544291 435928.536246 2653.560000 1753.094849 16.000000 59554800.000000 0.829371
4491436.544291 435958.536246 2683.560000 1756.045898 16.000000 59524200.000000 0.838886
4491436.544291 435988.536246 2713.560000 1758.966431 16.000000 59375700.000000 0.848403
4491436.544291 436018.536246 2743.560000 1761.800415 16.000000 59346000.000000 0.857931
4491436.544291 436048.536246 2773.560000 1764.538696 16.000000 59316300.000000 0.867461
4491436.544291 436078.536246 2803.560000 1767.196899 16.000000 59285700.000000 0.876993
4491436.544291 436108.536246 2833.560000 1769.781128 16.000000 59225400.000000 0.886528
4491436.544291 436138.536246 2863.560000 1772.273804 16.000000 59165100.000000 0.896067
4491436.544291 436168.536246 2893.560000 1774.641113 16.000000 59132700.000000 0.905610
4491436.544291 436198.536246 2923.560000 1776.850464 16.000000 59071500.000000 0.915155
4491436.544291 436228.536246 2953.560000 1778.900513 16.000000 58478400.000000 0.924705
4491436.544291 436258.536246 2983.560000 1780.832397 16.000000 58446900.000000 0.934299
4491436.544291 436288.536246 3013.560000 1782.720093 16.000000 58415400.000000 0.943894
4491436.544291 436318.536246 3043.560000 1784.650269 16.000000 58383900.000000 0.953492
4491436.544291 436348.536246 3073.560000 1786.690186 16.000000 58351500.000000 0.963093
4491436.544291 436378.536246 3103.560000 1788.866333 16.000000 58319100.000000 0.972696
4491436.544291 436408.536246 3133.560000 1791.151367 16.000000 58286700.000000 0.982301
4491436.544291 436438.536246 3163.560000 1793.486450 16.000000 58253400.000000 0.991908
4491436.544291 436468.536246 3193.560000 1795.814819 16.000000 58220100.000000 1.001518
4491436.544291 436498.536246 3223.560000 1798.119629 16.000000 58185900.000000 1.011131
4491436.544291 436528.536246 3253.560000 1800.447388 16.000000 58151700.000000 1.020746
4491436.544291 436558.536246 3283.560000 1802.899414 16.000000 58083300.000000 1.030364
4491436.544291 436588.536246 3313.560000 1805.598267 16.000000 58047300.000000 1.039986
4491466.544291 436618.536246 3355.980000 1809.417603 8.000000 57914100.000000 1.053597
4491466.544291 436648.536246 3385.980000 1812.021606 16.000000 57878100.000000 1.063232
4491466.544291 436678.536246 3415.980000 1814.945679 16.000000 57805200.000000 1.072870
4491466.544291 436708.536246 3445.980000 1818.114990 16.000000 57766500.000000 1.082514
4491466.544291 436738.536246 3475.980000 1821.437378 16.000000 57436200.000000 1.092160
4491466.544291 436768.536246 3505.980000 1824.839233 16.000000 57183300.000000 1.101832
4491466.544291 436798.536246 3535.980000 1828.280884 16.000000 57150900.000000 1.111522
4491466.544291 436828.536246 3565.980000 1831.746948 16.000000 57127500.000000 1.121215
4491436.544291 436858.536246 3608.400000 1836.265869 32.000000 56942100.000000 1.134924
4491436.544291 436888.536246 3638.400000 1839.115112 16.000000 56925900.000000 1.144633
4491436.544291 436918.536246 3668.400000 1841.885254 16.000000 56904300.000000 1.154343
4491436.544291 436948.536246 3698.400000 1844.642456 16.000000 56870100.000000 1.164055
4491406.544291 436978.536246 3740.820000 1847.982422 32.000000 56768400.000000 1.177791
4491406.544291 437008.536246 3770.820000 1850.400146 16.000000 56751300.000000 1.187514
4491406.544291 437038.536246 3800.820000 1853.035889 16.000000 56733300.000000 1.197237
4491406.544291 437068.536246 3830.820000 1855.827148 16.000000 56713500.000000 1.206963
4491406.544291 437098.536246 3860.820000 1858.651489 16.000000 56669400.000000 1.216689
4491406.544291 437128.536246 3890.820000 1861.362671 16.000000 56624400.000000 1.226419
4491406.544291 437158.536246 3920.820000 1863.831787 16.000000 56533500.000000 1.236153
4491406.544291 437188.536246 3950.820000 1865.994385 16.000000 56466900.000000 1.245893
4491406.544291 437218.536246 3980.820000 1867.873291 16.000000 56400300.000000 1.255639
4491406.544291 437248.536246 4010.820000 1869.576538 16.000000 56330100.000000 1.265390
4491406.544291 437278.536246 4040.820000 1871.260864 16.000000 55716300.000000 1.275146
4491406.544291 437308.536246 4070.820000 1873.082886 16.000000 55602000.000000 1.284951
4491406.544291 437338.536246 4100.820000 1875.154663 16.000000 55564200.000000 1.294765
4491406.544291 437368.536246 4130.820000 1877.521973 16.000000 55440000.000000 1.304581
4491406.544291 437398.536246 4160.820000 1880.159058 16.000000 55387800.000000 1.314408
4491406.544291 437428.536246 4190.820000 1882.986084 16.000000 55367100.000000 1.324238
4491376.544291 437458.536246 4233.240000 1886.707520 32.000000 55305900.000000 1.338141
4491376.544291 437488.536246 4263.240000 1889.157959 16.000000 55287000.000000 1.347979
4491376.544291 437518.536246 4293.240000 1891.425415 16.000000 55263600.000000 1.357817
4491376.544291 437548.536246 4323.240000 1893.463257 16.000000 55261800.000000 1.367658
4491376.544291 437578.536246 4353.240000 1895.277466 16.000000 55209600.000000 1.377499
4491376.544291 437608.536246 4383.240000 1896.928711 16.000000 53732700.000000 1.387344
4491376.544291 437638.536246 4413.240000 1898.525024 16.000000 53643600.000000 1.397310
4491376.544291 437668.536246 4443.240000 1900.187744 16.000000 53602200.000000 1.407283
4491376.544291 437698.536246 4473.240000 1902.015747 16.000000 53562600.000000 1.417260
4491376.544291 437728.536246 4503.240000 1904.058228 16.000000 53521200.000000 1.427240
4491406.544291 437758.536246 4545.660000 1907.204468 8.000000 999000.000000 1.441356
4491406.544291 437788.536246 4575.660000 1909.433472 16.000000 968400.000000 1.501241
4491406.544291 437818.536246 4605.660000 1911.854126 16.000000 878400.000000 1.561970
4491406.544291 437848.536246 4635.660000 1914.495117 16.000000 846900.000000 1.625424
4491406.544291 437878.536246 4665.660000 1917.381958 16.000000 792900.000000 1.689930
4491406.544291 437908.536246 4695.660000 1920.504150 16.000000 765900.000000 1.756377
4491406.544291 437938.536246 4725.660000 1923.802856 16.000000 739800.000000 1.823867
4491406.544291 437968.536246 4755.660000 1927.171875 16.000000 714600.000000 1.892419
4491406.544291 437998.536246 4785.660000 1930.487305 16.000000 690300.000000 1.962049
4491406.544291 438028.536246 4815.660000 1933.644043 16.000000 666900.000000 2.032771
4491406.544291 438058.536246 4845.660000 1936.592163 16.000000 645300.000000 2.104599
4491406.544291 438088.536246 4875.660000 1939.331787 16.000000 624600.000000 2.177499
4491406.544291 438118.536246 4905.660000 1941.899902 16.000000 605700.000000 2.251476
4491406.544291 438148.536246 4935.660000 1944.346680 16.000000 571500.000000 2.326484
4491436.544291 438178.536246 4978.080000 1948.612061 8.000000 413100.000000 2.435355
4491466.544291 438208.536246 5020.500000 1954.104492 8.000000 412200.000000 2.561348
4491496.544291 438238.536246 5062.920000 1960.565918 8.000000 411300.000000 2.687465
4491526.544291 438268.536246 5105.340000 1968.079346 8.000000 410400.000000 2.813705
4491556.544291 438268.536246 5135.340000 1974.356812 4.000000 363600.000000 2.903073
4491586.544291 438268.536246 5165.340000 1982.437744 4.000000 362700.000000 2.997444
4491616.544291 438268.536246 5195.340000 1992.703247 4.000000 361800.000000 3.091921
4491646.544291 438268.536246 5225.340000 2005.323608 4.000000 360900.000000 3.186503
4491676.544291 438268.536246 5255.340000 2020.187012 4.000000 360000.000000 3.281192
4491706.544291 438268.536246 5285.340000 2036.937744 4.000000 359100.000000 3.375987
4491736.544291 438268.536246 5315.340000 2055.051025 4.000000 358200.000000 3.470888
4491766.544291 438268.536246 5345.340000 2073.978271 4.000000 357300.000000 3.565897
4491796.544291 438268.536246 5375.340000 2093.279297 4.000000 356400.000000 3.661014
4491826.544291 438268.536246 5405.340000 2112.730957 4.000000 355500.000000 3.756239
4491856.544291 438268.536246 5435.340000 2132.262939 4.000000 354600.000000 3.851572
4491886.544291 438268.536246 5465.340000 2151.851807 4.000000 353700.000000 3.947013
4491916.544291 438268.536246 5495.340000 2171.419678 4.000000 352800.000000 4.042564
4491946.544291 438268.536246 5525.340000 2190.743652 4.000000 351900.000000 4.138225
4491976.544291 438268.536246 5555.340000 2209.524170 4.000000 351000.000000 4.233996
4492006.544291 438268.536246 5585.340000 2227.507568 4.000000 345600.000000 4.329877
4492036.544291 438268.536246 5615.340000 2244.649658 4.000000 333900.000000 4.426429
4492066.544291 438268.536246 5645.340000 2261.171387 4.000000 322200.000000 4.524490
4492096.544291 438268.536246 5675.340000 2277.508301 4.000000 309600.000000 4.624137
4492126.544291 438268.536246 5705.340000 2294.189453 4.000000 297000.000000 4.725589
4492156.544291 438238.536246 5747.760000 2317.239990 2.000000 268200.000000 4.871750
4492186.544291 438208.536246 5790.180000 2340.986084 2.000000 240300.000000 5.024775
4492216.544291 438208.536246 5820.180000 2357.487549 4.000000 229500.000000 5.138481
4492246.544291 438208.536246 5850.180000 2374.402344 4.000000 218700.000000 5.254564
4492276.544291 438178.536246 5892.600000 2397.618408 2.000000 194400.000000 5.422305
4492306.544291 438178.536246 5922.600000 2413.858887 4.000000 184500.000000 5.547391
