4491886.544291 433528.536246 0.000000 1608.240967 1.000000 63424800.000000 0.000000
4491856.544291 433528.536246 30.000000 1608.597900 64.000000 63331200.000000 0.009249
4491856.544291 433558.536246 60.000000 1610.158203 16.000000 63176400.000000 0.018505
4491856.544291 433588.536246 90.000000 1611.844727 16.000000 63137700.000000 0.027770
4491826.544291 433618.536246 132.420000 1614.121704 32.000000 63097200.000000 0.040875
4491826.544291 433648.536246 162.420000 1615.713501 16.000000 63076500.000000 0.050146
4491796.544291 433678.536246 204.840000 1617.891724 32.000000 63029700.000000 0.063257
4491796.544291 433708.536246 234.840000 1619.175415 16.000000 63009900.000000 0.072532
4491796.544291 433738.536246 264.840000 1620.472534 16.000000 62990100.000000 0.081809
4491766.544291 433768.536246 307.260000 1621.892334 32.000000 62951400.000000 0.094928
4491766.544291 433798.536246 337.260000 1622.834961 16.000000 62914500.000000 0.104208
4491736.544291 433828.536246 379.680000 1624.097290 32.000000 62886600.000000 0.117334
4491736.544291 433858.536246 409.680000 1624.808105 16.000000 62867700.000000 0.126619
4491736.544291 433888.536246 439.680000 1625.665649 16.000000 62848800.000000 0.135905
4491706.544291 433918.536246 482.100000 1626.823364 32.000000 62804700.000000 0.149037
4491706.544291 433948.536246 512.100000 1627.643066 16.000000 62767800.000000 0.158327
4491706.544291 433978.536246 542.100000 1628.688721 16.000000 62748000.000000 0.167620
4491676.544291 434008.536246 584.520000 1630.361328 32.000000 62447400.000000 0.180762
4491676.544291 434038.536246 614.520000 1631.430542 16.000000 62410500.000000 0.190076
4491676.544291 434068.536246 644.520000 1632.681274 16.000000 62391600.000000 0.199392
4491676.544291 434098.536246 674.520000 1634.124756 16.000000 62353800.000000 0.208710
4491646.544291 434128.536246 716.940000 1636.365967 32.000000 62224200.000000 0.221889
4491646.544291 434158.536246 746.940000 1637.888794 16.000000 62205300.000000 0.231218
4491646.544291 434188.536246 776.940000 1639.718140 16.000000 62169300.000000 0.240548
4491646.544291 434218.536246 806.940000 1641.873291 16.000000 62150400.000000 0.249881
4491616.544291 434248.536246 849.360000 1644.810059 32.000000 62085600.000000 0.263080
4491616.544291 434278.536246 879.360000 1646.921875 16.000000 62049600.000000 0.272418
4491616.544291 434308.536246 909.360000 1649.296143 16.000000 62030700.000000 0.281759
4491586.544291 434338.536246 951.780000 1651.905884 32.000000 61975800.000000 0.294969
4491586.544291 434368.536246 981.780000 1653.952393 16.000000 61939800.000000 0.304315
4491556.544291 434398.536246 1024.200000 1656.079590 32.000000 61909200.000000 0.317533
4491526.544291 434428.536246 1066.620000 1658.351807 32.000000 61888500.000000 0.330755
4491526.544291 434458.536246 1096.620000 1659.616089 16.000000 61853400.000000 0.340107
4491496.544291 434488.536246 1139.040000 1661.705566 32.000000 61839000.000000 0.353334
4491496.544291 434518.536246 1169.040000 1663.108398 16.000000 61805700.000000 0.362689
4491466.544291 434548.536246 1211.460000 1665.387939 32.000000 61789500.000000 0.375920
4491466.544291 434578.536246 1241.460000 1666.819214 16.000000 61757100.000000 0.385279
4491466.544291 434608.536246 1271.460000 1668.648071 16.000000 61723800.000000 0.394640
4491436.544291 434638.536246 1313.880000 1670.868164 32.000000 61677900.000000 0.407879
4491436.544291 434668.536246 1343.880000 1672.469971 16.000000 61660800.000000 0.417245
4491436.544291 434698.536246 1373.880000 1674.206543 16.000000 61643700.000000 0.426612
4491436.544291 434728.536246 1403.880000 1675.978271 16.000000 61609500.000000 0.435981
4491436.544291 434758.536246 1433.880000 1677.721802 16.000000 61578000.000000 0.445352
4491436.544291 434788.536246 1463.880000 1679.416992 16.000000 61545600.000000 0.454725
4491436.544291 434818.536246 1493.880000 1681.085449 16.000000 61511400.000000 0.464100
4491436.544291 434848.536246 1523.880000 1682.788940 16.000000 61476300.000000 0.473478
4491436.544291 434878.536246 1553.880000 1684.609253 16.000000 61436700.000000 0.482858
4491406.544291 434908.536246 1596.300000 1687.288940 32.000000 61254900.000000 0.496125
4491406.544291 434938.536246 1626.300000 1689.259644 16.000000 61236900.000000 0.505520
4491406.544291 434968.536246 1656.300000 1691.327026 16.000000 61218000.000000 0.514917
4491406.544291 434998.536246 1686.300000 1693.390503 16.000000 61199100.000000 0.524314
4491406.544291 435028.536246 1716.300000 1695.333862 16.000000 61180200.000000 0.533713
4491406.544291 435058.536246 1746.300000 1697.071655 16.000000 61160400.000000 0.543114
4491406.544291 435088.536246 1776.300000 1698.588623 16.000000 61140600.000000 0.552516
4491406.544291 435118.536246 1806.300000 1699.943848 16.000000 61093800.000000 0.561919
4491406.544291 435148.536246 1836.300000 1701.245117 16.000000 61046100.000000 0.571325
4491406.544291 435178.536246 1866.300000 1702.603760 16.000000 60998400.000000 0.580735
4491406.544291 435208.536246 1896.300000 1704.090942 16.000000 60930000.000000 0.590148
4491406.544291 435238.536246 1926.300000 1705.713501 16.000000 60740100.000000 0.599566
4491406.544291 435268.536246 1956.300000 1707.424194 16.000000 60717600.000000 0.608997
4491406.544291 435298.536246 1986.300000 1709.152100 16.000000 60695100.000000 0.618429
4491406.544291 435328.536246 2016.300000 1710.843750 16.000000 60693300.000000 0.627863
4491406.544291 435358.536246 2046.300000 1712.490967 16.000000 60670800.000000 0.637298
4491406.544291 435388.536246 2076.300000 1714.125488 16.000000 60645600.000000 0.646733
4491406.544291 435418.536246 2106.300000 1715.797363 16.000000 60571800.000000 0.656171
4491376.544291 435448.536246 2148.720000 1717.954590 32.000000 60426900.000000 0.669523
4491376.544291 435478.536246 2178.720000 1719.350586 16.000000 60404400.000000 0.678976
4491376.544291 435508.536246 2208.720000 1720.800049 16.000000 60381000.000000 0.688431
4491376.544291 435538.536246 2238.720000 1722.299194 16.000000 60357600.000000 0.697887
4491376.544291 435568.536246 2268.720000 1723.875977 16.000000 60334200.000000 0.707345
4491376.544291 435598.536246 2298.720000 1725.598145 16.000000 60280200.000000 0.716804
4491376.544291 435628.536246 2328.720000 1727.545776 16.000000 60202800.000000 0.726267
4491406.544291 435658.536246 2371.140000 1730.432251 8.000000 59997600.000000 0.739656
4491406.544291 435688.536246 2401.140000 1732.605591 16.000000 59967900.000000 0.749140
4491406.544291 435718.536246 2431.140000 1734.870605 16.000000 59938200.000000 0.758625
4491406.544291 435748.536246 2461.140000 1737.187012 16.000000 59880600.000000 0.768113
4491406.544291 435778.536246 2491.140000 1739.565186 16.000000 59850900.000000 0.777604
4491406.544291 435808.536246 2521.140000 1742.070068 16.000000 59821200.000000 0.787098
4491436.544291 435838.536246 2563.560000 1745.109497 8.000000 59726700.000000 0.800525
4491436.544291 435868.536246 2593.560000 1747.529419 16.000000 59669100.000000 0.810028
4491436.544291 435898.536246 2623.560000 1750.218018 16.000000 59639400.000000 0.819535
4491436.544291 435928.536246 2653.560000 1753.094849 16.000000 59608800.000000 0.829044
4491436.544291 435958.536246 2683.560000 1756.045898 16.000000 59578200.000000 0.838555
4491436.544291 435988.536246 2713.560000 1758.966431 16.000000 59429700.000000 0.848068
4491436.544291 436018.536246 2743.560000 1761.800415 16.000000 59400000.000000 0.857592
4491436.544291 436048.536246 2773.560000 1764.538696 16.000000 59370300.000000 0.867118
4491436.544291 436078.536246 2803.560000 1767.196899 16.000000 59339700.000000 0.876646
4491436.544291 436108.536246 2833.560000 1769.781128 16.000000 59279400.000000 0.886177
4491436.544291 436138.536246 2863.560000 1772.273804 16.000000 59219100.000000 0.895712
4491436.544291 436168.536246 2893.560000 1774.641113 16.000000 59186700.000000 0.905251
4491436.544291 436198.536246 2923.560000 1776.850464 16.000000 59125500.000000 0.914793
4491436.544291 436228.536246 2953.560000 1778.900513 16.000000 58532400.000000 0.924339
4491436.544291 436258.536246 2983.560000 1780.832397 16.000000 58500900.000000 0.933928
4491436.544291 436288.536246 3013.560000 1782.720093 16.000000 58469400.000000 0.943520
4491436.544291 436318.536246 3043.560000 1784.650269 16.000000 58437900.000000 0.953114
4491436.544291 436348.536246 3073.560000 1786.690186 16.000000 58405500.000000 0.962710
4491436.544291 436378.536246 3103.560000 1788.866333 16.000000 58373100.000000 0.972309
4491436.544291 436408.536246 3133.560000 1791.151367 16.000000 58340700.000000 0.981910
4491436.544291 436438.536246 3163.560000 1793.486450 16.000000 58307400.000000 0.991514
4491436.544291 436468.536246 3193.560000 1795.814819 16.000000 58274100.000000 1.001120
4491436.544291 436498.536246 3223.560000 1798.119629 16.000000 58239900.000000 1.010729
4491436.544291 436528.536246 3253.560000 1800.447388 16.000000 58205700.000000 1.020340
4491436.544291 436558.536246 3283.560000 1802.899414 16.000000 58137300.000000 1.029953
4491436.544291 436588.536246 3313.560000 1805.598267 16.000000 58101300.000000 1.039572
4491466.544291 436618.536246 3355.980000 1809.417603 8.000000 57968100.000000 1.053177
4491466.544291 436648.536246 3385.980000 1812.021606 16.000000 57932100.000000 1.062808
4491466.544291 436678.536246 3415.980000 1814.945679 16.000000 57859200.000000 1.072442
4491466.544291 436708.536246 3445.980000 1818.114990 16.000000 57820500.000000 1.082081
4491466.544291 436738.536246 3475.980000 1821.437378 16.000000 57490200.000000 1.091724
4491466.544291 436768.536246 3505.980000 1824.839233 16.000000 57237300.000000 1.101391
4491466.544291 436798.536246 3535.980000 1828.280884 16.000000 57204900.000000 1.111078
4491466.544291 436828.536246 3565.980000 1831.746948 16.000000 57181500.000000 1.120766
4491436.544291 436858.536246 3608.400000 1836.265869 32.000000 56996100.000000 1.134469
4491436.544291 436888.536246 3638.400000 1839.115112 16.000000 56979900.000000 1.144174
4491436.544291 436918.536246 3668.400000 1841.885254 16.000000 56958300.000000 1.153880
4491436.544291 436948.536246 3698.400000 1844.642456 16.000000 56924100.000000 1.163588
4491406.544291 436978.536246 3740.820000 1847.982422 32.000000 56822400.000000 1.177319
4491406.544291 437008.536246 3770.820000 1850.400146 16.000000 56805300.000000 1.187037
4491406.544291 437038.536246 3800.820000 1853.035889 16.000000 56787300.000000 1.196756
4491406.544291 437068.536246 3830.820000 1855.827148 16.000000 56767500.000000 1.206477
4491406.544291 437098.536246 3860.820000 1858.651489 16.000000 56723400.000000 1.216200
4491406.544291 437128.536246 3890.820000 1861.362671 16.000000 56678400.000000 1.225926
4491406.544291 437158.536246 3920.820000 1863.831787 16.000000 56587500.000000 1.235655
4491406.544291 437188.536246 3950.820000 1865.994385 16.000000 56520900.000000 1.245391
4491406.544291 437218.536246 3980.820000 1867.873291 16.000000 56454300.000000 1.255133
4491406.544291 437248.536246 4010.820000 1869.576538 16.000000 56384100.000000 1.264880
4491406.544291 437278.536246 4040.820000 1871.260864 16.000000 55770300.000000 1.274632
4491406.544291 437308.536246 4070.820000 1873.082886 16.000000 55656000.000000 1.284432
4491406.544291 437338.536246 4100.820000 1875.154663 16.000000 55618200.000000 1.294241
4491406.544291 437368.536246 4130.820000 1877.521973 16.000000 55494000.000000 1.304054
4491406.544291 437398.536246 4160.820000 1880.159058 16.000000 55441800.000000 1.313876
4491406.544291 437428.536246 4190.820000 1882.986084 16.000000 55421100.000000 1.323702
4491376.544291 437458.536246 4233.240000 1886.707520 32.000000 55359900.000000 1.337599
4491376.544291 437488.536246 4263.240000 1889.157959 16.000000 55341000.000000 1.347432
4491376.544291 437518.536246 4293.240000 1891.425415 16.000000 55317600.000000 1.357267
4491376.544291 437548.536246 4323.240000 1893.463257 16.000000 55315800.000000 1.367103
4491376.544291 437578.536246 4353.240000 1895.277466 16.000000 55263600.000000 1.376939
4491376.544291 437608.536246 4383.240000 1896.928711 16.000000 53786700.000000 1.386780
4491376.544291 437638.536246 4413.240000 1898.525024 16.000000 53697600.000000 1.396741
4491376.544291 437668.536246 4443.240000 1900.187744 16.000000 53656200.000000 1.406710
4491376.544291 437698.536246 4473.240000 1902.015747 16.000000 53616600.000000 1.416682
4491376.544291 437728.536246 4503.240000 1904.058228 16.000000 53575200.000000 1.426658
4491376.544291 437758.536246 4533.240000 1906.316772 16.000000 52561800.000000 1.436637
4491376.544291 437788.536246 4563.240000 1908.765869 16.000000 52546500.000000 1.446702
4491376.544291 437818.536246 4593.240000 1911.387695 16.000000 52529400.000000 1.456769
4491376.544291 437848.536246 4623.240000 1914.185913 16.000000 52511400.000000 1.466836
4491376.544291 437878.536246 4653.240000 1917.175659 16.000000 52492500.000000 1.476906
4491376.544291 437908.536246 4683.240000 1920.358887 16.000000 52472700.000000 1.486977
4491376.544291 437938.536246 4713.240000 1923.694580 16.000000 52449300.000000 1.497050
4491376.544291 437968.536246 4743.240000 1927.096191 16.000000 52428600.000000 1.507125
4491376.544291 437998.536246 4773.240000 1930.449341 16.000000 52407000.000000 1.517201
4491376.544291 438028.536246 4803.240000 1933.646484 16.000000 52384500.000000 1.527280
4491376.544291 438058.536246 4833.240000 1936.621826 16.000000 52360200.000000 1.537360
4491376.544291 438088.536246 4863.240000 1939.357300 16.000000 52335000.000000 1.547443
4491376.544291 438118.536246 4893.240000 1941.871948 16.000000 52308900.000000 1.557528
4491376.544291 438148.536246 4923.240000 1944.205444 16.000000 52281900.000000 1.567615
4491376.544291 438178.536246 4953.240000 1946.405518 16.000000 52253100.000000 1.577704
4491376.544291 438208.536246 4983.240000 1948.516479 16.000000 52223400.000000 1.587796
4491376.544291 438238.536246 5013.240000 1950.580933 16.000000 52192800.000000 1.597890
4491346.544291 438268.536246 5055.660000 1953.183350 32.000000 52088400.000000 1.612168
4491346.544291 438298.536246 5085.660000 1954.866211 16.000000 52056900.000000 1.622274
4491346.544291 438328.536246 5115.660000 1956.581543 16.000000 52024500.000000 1.632383
4491346.544291 438358.536246 5145.660000 1958.303589 16.000000 51991200.000000 1.642494
4491346.544291 438388.536246 5175.660000 1959.975220 16.000000 51956100.000000 1.652609
4491346.544291 438418.536246 5205.660000 1961.526611 16.000000 51918300.000000 1.662727
4491346.544291 438448.536246 5235.660000 1962.891968 16.000000 51836400.000000 1.672848
4491346.544291 438478.536246 5265.660000 1964.036865 16.000000 51794100.000000 1.682976
4491346.544291 438508.536246 5295.660000 1964.967773 16.000000 51717600.000000 1.693108
4491346.544291 438538.536246 5325.660000 1965.736694 16.000000 50160600.000000 1.703247
4491346.544291 438568.536246 5355.660000 1966.432739 16.000000 50103900.000000 1.713526
4491346.544291 438598.536246 5385.660000 1967.169067 16.000000 49931100.000000 1.723811
4491346.544291 438628.536246 5415.660000 1968.064819 16.000000 49782600.000000 1.734111
4491346.544291 438658.536246 5445.660000 1969.227905 16.000000 49758300.000000 1.744425
4491346.544291 438688.536246 5475.660000 1970.738892 16.000000 49720500.000000 1.754742
4491316.544291 438718.536246 5518.080000 1973.301758 32.000000 49609800.000000 1.769334
4491316.544291 438748.536246 5548.080000 1975.381836 16.000000 49576500.000000 1.779665
4491316.544291 438778.536246 5578.080000 1977.798950 16.000000 49533300.000000 1.789998
4491286.544291 438808.536246 5620.500000 1981.496582 32.000000 49418100.000000 1.804615
4491286.544291 438838.536246 5650.500000 1984.011597 16.000000 49387500.000000 1.814964
4491286.544291 438868.536246 5680.500000 1986.635864 16.000000 49362300.000000 1.825315
4491256.544291 438898.536246 5722.920000 1990.087891 32.000000 49231800.000000 1.839955
4491256.544291 438928.536246 5752.920000 1992.329468 16.000000 49193100.000000 1.850321
4491256.544291 438958.536246 5782.920000 1994.614258 16.000000 49167000.000000 1.860691
4491226.544291 438988.536246 5825.340000 1997.452148 32.000000 6434100.000000 1.875357
4491226.544291 439018.536246 5855.340000 1999.532715 16.000000 6408900.000000 1.901257
4491196.544291 439048.536246 5897.760000 2002.544556 32.000000 6354900.000000 1.937945
4491196.544291 439078.536246 5927.760000 2004.674927 16.000000 6207300.000000 1.963989
4491166.544291 439108.536246 5970.180000 2008.371460 32.000000 6093000.000000 2.001208
4491136.544291 439138.536246 6012.600000 2013.178955 32.000000 6092100.000000 2.038740
4491106.544291 439168.536246 6055.020000 2019.358765 32.000000 6091200.000000 2.076274
4491076.544291 439198.536246 6097.440000 2027.158447 32.000000 6090300.000000 2.113811
4491046.544291 439198.536246 6127.440000 2034.256470 64.000000 5755500.000000 2.140359
4491016.544291 439198.536246 6157.440000 2043.705444 64.000000 5754600.000000 2.167591
4490986.544291 439198.536246 6187.440000 2055.554932 64.000000 5753700.000000 2.194825
4490956.544291 439198.536246 6217.440000 2069.565186 64.000000 5752800.000000 2.222061
4490926.544291 439198.536246 6247.440000 2085.230469 64.000000 5751900.000000 2.249299
4490896.544291 439198.536246 6277.440000 2101.885010 64.000000 5751000.000000 2.276539
4490866.544291 439198.536246 6307.440000 2118.867920 64.000000 5750100.000000 2.303781
4490836.544291 439198.536246 6337.440000 2135.679443 64.000000 5749200.000000 2.331025
4490806.544291 439198.536246 6367.440000 2152.048340 64.000000 5748300.000000 2.358271
4490776.544291 439198.536246 6397.440000 2167.888916 64.000000 5747400.000000 2.385518
4490746.544291 439198.536246 6427.440000 2183.185791 64.000000 5746500.000000 2.412768
4490716.544291 439198.536246 6457.440000 2197.872314 64.000000 5745600.000000 2.440019
4490686.544291 439198.536246 6487.440000 2211.803223 64.000000 5744700.000000 2.467273
4490656.544291 439198.536246 6517.440000 2224.822754 64.000000 5733900.000000 2.494528
4490626.544291 439198.536246 6547.440000 2236.900879 64.000000 5724000.000000 2.521806
4490596.544291 439198.536246 6577.440000 2248.228027 64.000000 5715000.000000 2.549106
4490566.544291 439198.536246 6607.440000 2259.206787 64.000000 5706900.000000 2.576425
4490536.544291 439168.536246 6649.860000 2274.102051 128.000000 5152500.000000 2.615078
4490506.544291 439168.536246 6679.860000 2284.646240 64.000000 5141700.000000 2.643701
4490476.544291 439168.536246 6709.860000 2295.638916 64.000000 4860000.000000 2.672351
4490446.544291 439168.536246 6739.860000 2307.001465 64.000000 4859100.000000 2.701737
4490416.544291 439168.536246 6769.860000 2318.440918 64.000000 4858200.000000 2.731125
4490386.544291 439168.536246 6799.860000 2329.586182 64.000000 4857300.000000 2.760515
4490356.544291 439168.536246 6829.860000 2340.154053 64.000000 4856400.000000 2.789908
4490326.544291 439168.536246 6859.860000 2350.023682 64.000000 4855500.000000 2.819304
4490296.544291 439168.536246 6889.860000 2359.278320 64.000000 4854600.000000 2.848702
4490266.544291 439168.536246 6919.860000 2368.140381 64.000000 4853700.000000 2.878102
4490236.544291 439168.536246 6949.860000 2376.845459 64.000000 4852800.000000 2.907505
4490206.544291 439168.536246 6979.860000 2385.540771 64.000000 4851900.000000 2.936910
4490176.544291 439168.536246 7009.860000 2394.225830 64.000000 4851000.000000 2.966318
4490146.544291 439168.536246 7039.860000 2402.779053 64.000000 4850100.000000 2.995728
4490116.544291 439168.536246 7069.860000 2411.020264 64.000000 4849200.000000 3.025141
4490086.544291 439168.536246 7099.860000 2418.801270 64.000000 4848300.000000 3.054556
4490056.544291 439168.536246 7129.860000 2426.109375 64.000000 4847400.000000 3.083973
4490026.544291 439168.536246 7159.860000 2433.080078 64.000000 4840200.000000 3.113393
4489996.544291 439168.536246 7189.860000 2439.957520 64.000000 4817700.000000 3.142833
4489966.544291 439168.536246 7219.860000 2447.024658 64.000000 4798800.000000 3.172334
4489936.544291 439138.536246 7262.280000 2457.581055 128.000000 4657500.000000 3.214123
4489906.544291 439138.536246 7292.280000 2465.387939 64.000000 4652100.000000 3.244077
4489876.544291 439138.536246 7322.280000 2473.566650 64.000000 4633200.000000 3.274046
4489846.544291 439138.536246 7352.280000 2481.883057 64.000000 4628700.000000 3.304071
4489816.544291 439138.536246 7382.280000 2490.018311 64.000000 4608900.000000 3.334108
4489786.544291 439138.536246 7412.280000 2497.680664 64.000000 4587300.000000 3.364204
4489756.544291 439138.536246 7442.280000 2504.729248 64.000000 4549500.000000 3.394363
4489726.544291 439138.536246 7472.280000 2511.253906 64.000000 4511700.000000 3.424635
4489696.544291 439138.536246 7502.280000 2517.550049 64.000000 4473900.000000 3.455021
4489666.544291 439138.536246 7532.280000 2524.037842 64.000000 4449600.000000 3.485521
4489636.544291 439138.536246 7562.280000 2531.134521 64.000000 4428900.000000 3.516097
4489606.544291 439108.536246 7604.700000 2542.144775 128.000000 4382100.000000 3.559422
4489576.544291 439108.536246 7634.700000 2550.671631 64.000000 4360500.000000 3.590209
4489546.544291 439108.536246 7664.700000 2559.925049 64.000000 4355100.000000 3.621064
4489516.544291 439108.536246 7694.700000 2569.542969 64.000000 4333500.000000 3.651937
4489486.544291 439108.536246 7724.700000 2579.073730 64.000000 4311900.000000 3.682878
4489456.544291 439108.536246 7754.700000 2588.103760 64.000000 4291200.000000 3.713890
4489426.544291 439078.536246 7797.120000 2599.223145 128.000000 4253400.000000 3.757835
4489396.544291 439078.536246 7827.120000 2606.123779 64.000000 4232700.000000 3.789037
4489366.544291 439078.536246 7857.120000 2612.414062 64.000000 4212000.000000 3.820308
4489336.544291 439078.536246 7887.120000 2618.410156 64.000000 4191300.000000 3.851649
4489306.544291 439048.536246 7929.540000 2626.350098 128.000000 4135500.000000 3.896062
4489276.544291 439048.536246 7959.540000 2631.586914 64.000000 4097700.000000 3.927662
4489246.544291 439048.536246 7989.540000 2637.030762 64.000000 4060800.000000 3.959392
4489216.544291 439018.536246 8031.960000 2643.906006 128.000000 3807000.000000 4.004442
4489186.544291 439018.536246 8061.960000 2648.815918 64.000000 3787200.000000 4.037241
4489156.544291 439018.536246 8091.960000 2653.848145 64.000000 3751200.000000 4.070117
4489126.544291 438988.536246 8134.380000 2660.657959 128.000000 2916900.000000 4.116804
4489096.544291 438988.536246 8164.380000 2665.602539 64.000000 2898000.000000 4.153779
4489066.544291 438988.536246 8194.380000 2670.744141 64.000000 2877300.000000 4.190862
4489036.544291 438988.536246 8224.380000 2676.025391 64.000000 2850300.000000 4.228065
4489006.544291 438988.536246 8254.380000 2681.359131 64.000000 2824200.000000 4.265426
4488976.544291 438988.536246 8284.380000 2686.627686 64.000000 2804400.000000 4.302942
4488946.544291 438988.536246 8314.380000 2691.702148 64.000000 2778300.000000 4.340577
4488916.544291 438988.536246 8344.380000 2696.476807 64.000000 2753100.000000 4.378371
4488886.544291 438988.536246 8374.380000 2700.901367 64.000000 2727900.000000 4.416320
4488856.544291 438988.536246 8404.380000 2704.993652 64.000000 2702700.000000 4.454427
4488826.544291 438988.536246 8434.380000 2708.857178 64.000000 2664900.000000 4.492693
4488796.544291 438988.536246 8464.380000 2712.671143 64.000000 2642400.000000 4.531202
4488766.544291 438988.536246 8494.380000 2716.658936 64.000000 2619000.000000 4.569858
4488736.544291 438988.536246 8524.380000 2721.016113 64.000000 2594700.000000 4.608670
4488706.544291 438958.536246 8566.800000 2727.763428 128.000000 2348100.000000 4.663780
4488676.544291 438958.536246 8596.800000 2732.865234 64.000000 2344500.000000 4.704546
4488646.544291 438958.536246 8626.800000 2738.242188 64.000000 2320200.000000 4.745340
4488616.544291 438958.536246 8656.800000 2743.746582 64.000000 2295900.000000 4.786326
4488586.544291 438958.536246 8686.800000 2749.319580 64.000000 2251800.000000 4.827507
4488556.544291 438958.536246 8716.800000 2755.056152 64.000000 2228400.000000 4.869048
4488526.544291 438958.536246 8746.800000 2761.180176 64.000000 2186100.000000 4.910786
4488496.544291 438928.536246 8789.220000 2769.525146 128.000000 2102400.000000 4.970313
4488466.544291 438928.536246 8819.220000 2776.076416 64.000000 2079900.000000 5.013158
4488436.544291 438898.536246 8861.640000 2785.758545 128.000000 2041200.000000 5.074035
4488406.544291 438898.536246 8891.640000 2792.138916 64.000000 2019600.000000 5.117453
4488376.544291 438898.536246 8921.640000 2798.364746 64.000000 1998000.000000 5.161080
4488346.544291 438898.536246 8951.640000 2804.021973 64.000000 1976400.000000 5.204918
4488316.544291 438898.536246 8981.640000 2808.871094 64.000000 1954800.000000 5.248971
