4491886.544291 433528.536246 0.000000 1608.240967 1.000000 63370800.000000 0.000000
4491856.544291 433528.536246 30.000000 1608.597900 64.000000 63277200.000000 0.009253
4491856.544291 433558.536246 60.000000 1610.158203 16.000000 63122400.000000 0.018512
4491856.544291 433588.536246 90.000000 1611.844727 16.000000 63083700.000000 0.027781
4491826.544291 433618.536246 132.420000 1614.121704 32.000000 63043200.000000 0.040891
4491826.544291 433648.536246 162.420000 1615.713501 16.000000 63022500.000000 0.050165
4491796.544291 433678.536246 204.840000 1617.891724 32.000000 62975700.000000 0.063281
4491796.544291 433708.536246 234.840000 1619.175415 16.000000 62955900.000000 0.072560
4491796.544291 433738.536246 264.840000 1620.472534 16.000000 62936100.000000 0.081840
4491766.544291 433768.536246 307.260000 1621.892334 32.000000 62897400.000000 0.094964
4491766.544291 433798.536246 337.260000 1622.834961 16.000000 62860500.000000 0.104248
4491736.544291 433828.536246 379.680000 1624.097290 32.000000 62832600.000000 0.117379
4491736.544291 433858.536246 409.680000 1624.808105 16.000000 62813700.000000 0.126668
4491736.544291 433888.536246 439.680000 1625.665649 16.000000 62794800.000000 0.135957
4491706.544291 433918.536246 482.100000 1626.823364 32.000000 62750700.000000 0.149094
4491706.544291 433948.536246 512.100000 1627.643066 16.000000 62713800.000000 0.158388
4491706.544291 433978.536246 542.100000 1628.688721 16.000000 62694000.000000 0.167685
4491676.544291 434008.536246 584.520000 1630.361328 32.000000 62393400.000000 0.180831
4491676.544291 434038.536246 614.520000 1631.430542 16.000000 62356500.000000 0.190149
4491676.544291 434068.536246 644.520000 1632.681274 16.000000 62337600.000000 0.199469
4491676.544291 434098.536246 674.520000 1634.124756 16.000000 62299800.000000 0.208791
4491646.544291 434128.536246 716.940000 1636.365967 32.000000 62170200.000000 0.221975
4491646.544291 434158.536246 746.940000 1637.888794 16.000000 62151300.000000 0.231308
4491646.544291 434188.536246 776.940000 1639.718140 16.000000 62115300.000000 0.240642
4491646.544291 434218.536246 806.940000 1641.873291 16.000000 62096400.000000 0.249978
4491616.544291 434248.536246 849.360000 1644.810059 32.000000 62031600.000000 0.263182
4491616.544291 434278.536246 879.360000 1646.921875 16.000000 61995600.000000 0.272524
4491616.544291 434308.536246 909.360000 1649.296143 16.000000 61976700.000000 0.281868
4491586.544291 434338.536246 951.780000 1651.905884 32.000000 61921800.000000 0.295083
4491586.544291 434368.536246 981.780000 1653.952393 16.000000 61885800.000000 0.304433
4491556.544291 434398.536246 1024.200000 1656.079590 32.000000 61855200.000000 0.317657
4491526.544291 434428.536246 1066.620000 1658.351807 32.000000 61834500.000000 0.330883
4491526.544291 434458.536246 1096.620000 1659.616089 16.000000 61799400.000000 0.340239
4491496.544291 434488.536246 1139.040000 1661.705566 32.000000 61785000.000000 0.353471
4491496.544291 434518.536246 1169.040000 1663.108398 16.000000 61751700.000000 0.362830
4491466.544291 434548.536246 1211.460000 1665.387939 32.000000 61735500.000000 0.376066
4491466.544291 434578.536246 1241.460000 1666.819214 16.000000 61703100.000000 0.385429
4491466.544291 434608.536246 1271.460000 1668.648071 16.000000 61669800.000000 0.394793
4491436.544291 434638.536246 1313.880000 1670.868164 32.000000 61623900.000000 0.408038
4491436.544291 434668.536246 1343.880000 1672.469971 16.000000 61606800.000000 0.417408
4491436.544291 434698.536246 1373.880000 1674.206543 16.000000 61589700.000000 0.426779
4491436.544291 434728.536246 1403.880000 1675.978271 16.000000 61555500.000000 0.436151
4491436.544291 434758.536246 1433.880000 1677.721802 16.000000 61524000.000000 0.445525
4491436.544291 434788.536246 1463.880000 1679.416992 16.000000 61491600.000000 0.454902
4491436.544291 434818.536246 1493.880000 1681.085449 16.000000 61457400.000000 0.464281
4491436.544291 434848.536246 1523.880000 1682.788940 16.000000 61422300.000000 0.473662
4491436.544291 434878.536246 1553.880000 1684.609253 16.000000 61382700.000000 0.483046
4491406.544291 434908.536246 1596.300000 1687.288940 32.000000 61200900.000000 0.496318
4491406.544291 434938.536246 1626.300000 1689.259644 16.000000 61182900.000000 0.505717
4491406.544291 434968.536246 1656.300000 1691.327026 16.000000 61164000.000000 0.515118
4491406.544291 434998.536246 1686.300000 1693.390503 16.000000 61145100.000000 0.524519
4491406.544291 435028.536246 1716.300000 1695.333862 16.000000 61126200.000000 0.533922
4491406.544291 435058.536246 1746.300000 1697.071655 16.000000 61106400.000000 0.543326
4491406.544291 435088.536246 1776.300000 1698.588623 16.000000 61086600.000000 0.552732
4491406.544291 435118.536246 1806.300000 1699.943848 16.000000 61039800.000000 0.562139
4491406.544291 435148.536246 1836.300000 1701.245117 16.000000 60992100.000000 0.571549
4491406.544291 435178.536246 1866.300000 1702.603760 16.000000 60944400.000000 0.580962
4491406.544291 435208.536246 1896.300000 1704.090942 16.000000 60876000.000000 0.590379
4491406.544291 435238.536246 1926.300000 1705.713501 16.000000 60686100.000000 0.599800
4491406.544291 435268.536246 1956.300000 1707.424194 16.000000 60663600.000000 0.609235
4491406.544291 435298.536246 1986.300000 1709.152100 16.000000 60641100.000000 0.618671
4491406.544291 435328.536246 2016.300000 1710.843750 16.000000 60639300.000000 0.628109
4491406.544291 435358.536246 2046.300000 1712.490967 16.000000 60616800.000000 0.637547
4491406.544291 435388.536246 2076.300000 1714.125488 16.000000 60591600.000000 0.646987
4491406.544291 435418.536246 2106.300000 1715.797363 16.000000 60517800.000000 0.656428
4491376.544291 435448.536246 2148.720000 1717.954590 32.000000 60372900.000000 0.669786
4491376.544291 435478.536246 2178.720000 1719.350586 16.000000 60350400.000000 0.679243
4491376.544291 435508.536246 2208.720000 1720.800049 16.000000 60327000.000000 0.688701
4491376.544291 435538.536246 2238.720000 1722.299194 16.000000 60303600.000000 0.698161
4491376.544291 435568.536246 2268.720000 1723.875977 16.000000 60280200.000000 0.707623
4491376.544291 435598.536246 2298.720000 1725.598145 16.000000 60226200.000000 0.717086
4491376.544291 435628.536246 2328.720000 1727.545776 16.000000 60148800.000000 0.726553
4491406.544291 435658.536246 2371.140000 1730.432251 8.000000 59943600.000000 0.739947
4491406.544291 435688.536246 2401.140000 1732.605591 16.000000 59913900.000000 0.749434
4491406.544291 435718.536246 2431.140000 1734.870605 16.000000 59884200.000000 0.758924
4491406.544291 435748.536246 2461.140000 1737.187012 16.000000 59826600.000000 0.768415
4491406.544291 435778.536246 2491.140000 1739.565186 16.000000 59796900.000000 0.777911
4491406.544291 435808.536246 2521.140000 1742.070068 16.000000 59767200.000000 0.787408
4491436.544291 435838.536246 2563.560000 1745.109497 8.000000 59672700.000000 0.800841
4491436.544291 435868.536246 2593.560000 1747.529419 16.000000 59615100.000000 0.810348
4491436.544291 435898.536246 2623.560000 1750.218018 16.000000 59585400.000000 0.819858
4491436.544291 435928.536246 2653.560000 1753.094849 16.000000 59554800.000000 0.829371
4491436.544291 435958.536246 2683.560000 1756.045898 16.000000 59524200.000000 0.838886
4491436.544291 435988.536246 2713.560000 1758.966431 16.000000 59375700.000000 0.848403
4491436.544291 436018.536246 2743.560000 1761.800415 16.000000 59346000.000000 0.857931
4491436.544291 436048.536246 2773.560000 1764.538696 16.000000 59316300.000000 0.867461
4491436.544291 436078.536246 2803.560000 1767.196899 16.000000 59285700.000000 0.876993
4491436.544291 436108.536246 2833.560000 1769.781128 16.000000 59225400.000000 0.886528
4491436.544291 436138.536246 2863.560000 1772.273804 16.000000 59165100.000000 0.896067
4491436.544291 436168.536246 2893.560000 1774.641113 16.000000 59132700.000000 0.905610
4491436.544291 436198.536246 2923.560000 1776.850464 16.000000 59071500.000000 0.915155
4491436.544291 436228.536246 2953.560000 1778.900513 16.000000 58478400.000000 0.924705
4491436.544291 436258.536246 2983.560000 1780.832397 16.000000 58446900.000000 0.934299
4491436.544291 436288.536246 3013.560000 1782.720093 16.000000 58415400.000000 0.943894
4491436.544291 436318.536246 3043.560000 1784.650269 16.000000 58383900.000000 0.953492
4491436.544291 436348.536246 3073.560000 1786.690186 16.000000 58351500.000000 0.963093
4491436.544291 436378.536246 3103.560000 1788.866333 16.000000 58319100.000000 0.972696
4491436.544291 436408.536246 3133.560000 1791.151367 16.000000 58286700.000000 0.982301
4491436.544291 436438.536246 3163.560000 1793.486450 16.000000 58253400.000000 0.991908
4491436.544291 436468.536246 3193.560000 1795.814819 16.000000 58220100.000000 1.001518
4491436.544291 436498.536246 3223.560000 1798.119629 16.000000 58185900.000000 1.011131
4491436.544291 436528.536246 3253.560000 1800.447388 16.000000 58151700.000000 1.020746
4491436.544291 436558.536246 3283.560000 1802.899414 16.000000 58083300.000000 1.030364
4491436.544291 436588.536246 3313.560000 1805.598267 16.000000 58047300.000000 1.039986
4491466.544291 436618.536246 3355.980000 1809.417603 8.000000 57914100.000000 1.053597
4491466.544291 436648.536246 3385.980000 1812.021606 16.000000 57878100.000000 1.063232
4491466.544291 436678.536246 3415.980000 1814.945679 16.000000 57805200.000000 1.072870
4491466.544291 436708.536246 3445.980000 1818.114990 16.000000 57766500.000000 1.082514
4491466.544291 436738.536246 3475.980000 1821.437378 16.000000 57436200.000000 1.092160
4491466.544291 436768.536246 3505.980000 1824.839233 16.000000 57183300.000000 1.101832
4491466.544291 436798.536246 3535.980000 1828.280884 16.000000 57150900.000000 1.111522
4491466.544291 436828.536246 3565.980000 1831.746948 16.000000 57127500.000000 1.121215
4491436.544291 436858.536246 3608.400000 1836.265869 32.000000 56942100.000000 1.134924
4491436.544291 436888.536246 3638.400000 1839.115112 16.000000 56925900.000000 1.144633
4491436.544291 436918.536246 3668.400000 1841.885254 16.000000 56904300.000000 1.154343
4491436.544291 436948.536246 3698.400000 1844.642456 16.000000 56870100.000000 1.164055
4491406.544291 436978.536246 3740.820000 1847.982422 32.000000 56768400.000000 1.177791
4491406.544291 437008.536246 3770.820000 1850.400146 16.000000 56751300.000000 1.187514
4491406.544291 437038.536246 3800.820000 1853.035889 16.000000 56733300.000000 1.197237
4491406.544291 437068.536246 3830.820000 1855.827148 16.000000 56713500.000000 1.206963
4491406.544291 437098.536246 3860.820000 1858.651489 16.000000 56669400.000000 1.216689
4491406.544291 437128.536246 3890.820000 1861.362671 16.000000 56624400.000000 1.226419
4491406.544291 437158.536246 3920.820000 1863.831787 16.000000 56533500.000000 1.236153
4491406.544291 437188.536246 3950.820000 1865.994385 16.000000 56466900.000000 1.245893
4491406.544291 437218.536246 3980.820000 1867.873291 16.000000 56400300.000000 1.255639
4491406.544291 437248.536246 4010.820000 1869.576538 16.000000 56330100.000000 1.265390
4491406.544291 437278.536246 4040.820000 1871.260864 16.000000 55716300.000000 1.275146
4491406.544291 437308.536246 4070.820000 1873.082886 16.000000 55602000.000000 1.284951
4491406.544291 437338.536246 4100.820000 1875.154663 16.000000 55564200.000000 1.294765
4491406.544291 437368.536246 4130.820000 1877.521973 16.000000 55440000.000000 1.304581
4491406.544291 437398.536246 4160.820000 1880.159058 16.000000 55387800.000000 1.314408
4491406.544291 437428.536246 4190.820000 1882.986084 16.000000 55367100.000000 1.324238
4491376.544291 437458.536246 4233.240000 1886.707520 32.000000 55305900.000000 1.338141
4491376.544291 437488.536246 4263.240000 1889.157959 16.000000 55287000.000000 1.347979
4491376.544291 437518.536246 4293.240000 1891.425415 16.000000 55263600.000000 1.357817
4491376.544291 437548.536246 4323.240000 1893.463257 16.000000 55261800.000000 1.367658
4491376.544291 437578.536246 4353.240000 1895.277466 16.000000 55209600.000000 1.377499
4491376.544291 437608.536246 4383.240000 1896.928711 16.000000 53732700.000000 1.387344
4491376.544291 437638.536246 4413.240000 1898.525024 16.000000 53643600.000000 1.397310
4491376.544291 437668.536246 4443.240000 1900.187744 16.000000 53602200.000000 1.407283
4491376.544291 437698.536246 4473.240000 1902.015747 16.000000 53562600.000000 1.417260
4491376.544291 437728.536246 4503.240000 1904.058228 16.000000 53521200.000000 1.427240
4491376.544291 437758.536246 4533.240000 1906.316772 16.000000 52507800.000000 1.437223
4491376.544291 437788.536246 4563.240000 1908.765869 16.000000 52492500.000000 1.447293
4491376.544291 437818.536246 4593.240000 1911.387695 16.000000 52475400.000000 1.457364
4491376.544291 437848.536246 4623.240000 1914.185913 16.000000 52457400.000000 1.467437
4491376.544291 437878.536246 4653.240000 1917.175659 16.000000 52438500.000000 1.477511
4491376.544291 437908.536246 4683.240000 1920.358887 16.000000 52418700.000000 1.487587
4491376.544291 437938.536246 4713.240000 1923.694580 16.000000 52395300.000000 1.497664
4491376.544291 437968.536246 4743.240000 1927.096191 16.000000 52374600.000000 1.507744
4491376.544291 437998.536246 4773.240000 1930.449341 16.000000 52353000.000000 1.517825
4491376.544291 438028.536246 4803.240000 1933.646484 16.000000 52330500.000000 1.527908
4491376.544291 438058.536246 4833.240000 1936.621826 16.000000 52306200.000000 1.537993
4491376.544291 438088.536246 4863.240000 1939.357300 16.000000 52281000.000000 1.548081
4491376.544291 438118.536246 4893.240000 1941.871948 16.000000 52254900.000000 1.558170
4491376.544291 438148.536246 4923.240000 1944.205444 16.000000 52227900.000000 1.568262
4491376.544291 438178.536246 4953.240000 1946.405518 16.000000 52199100.000000 1.578356
4491376.544291 438208.536246 4983.240000 1948.516479 16.000000 52169400.000000 1.588452
4491376.544291 438238.536246 5013.240000 1950.580933 16.000000 52138800.000000 1.598551
4491346.544291 438268.536246 5055.660000 1953.183350 32.000000 52034400.000000 1.612835
4491346.544291 438298.536246 5085.660000 1954.866211 16.000000 52002900.000000 1.622946
4491346.544291 438328.536246 5115.660000 1956.581543 16.000000 51970500.000000 1.633060
4491346.544291 438358.536246 5145.660000 1958.303589 16.000000 51937200.000000 1.643176
4491346.544291 438388.536246 5175.660000 1959.975220 16.000000 51902100.000000 1.653296
4491346.544291 438418.536246 5205.660000 1961.526611 16.000000 51864300.000000 1.663418
4491346.544291 438448.536246 5235.660000 1962.891968 16.000000 51782400.000000 1.673544
4491346.544291 438478.536246 5265.660000 1964.036865 16.000000 51740100.000000 1.683677
4491346.544291 438508.536246 5295.660000 1964.967773 16.000000 51663600.000000 1.693814
4491346.544291 438538.536246 5325.660000 1965.736694 16.000000 50106600.000000 1.703958
4491346.544291 438568.536246 5355.660000 1966.432739 16.000000 50049900.000000 1.714242
4491346.544291 438598.536246 5385.660000 1967.169067 16.000000 49877100.000000 1.724531
4491346.544291 438628.536246 5415.660000 1968.064819 16.000000 49728600.000000 1.734837
4491346.544291 438658.536246 5445.660000 1969.227905 16.000000 49704300.000000 1.745156
4491346.544291 438688.536246 5475.660000 1970.738892 16.000000 49666500.000000 1.755477
4491316.544291 438718.536246 5518.080000 1973.301758 32.000000 49555800.000000 1.770077
4491316.544291 438748.536246 5548.080000 1975.381836 16.000000 49522500.000000 1.780412
4491316.544291 438778.536246 5578.080000 1977.798950 16.000000 49479300.000000 1.790751
4491286.544291 438808.536246 5620.500000 1981.496582 32.000000 49364100.000000 1.805375
4491286.544291 438838.536246 5650.500000 1984.011597 16.000000 49333500.000000 1.815729
4491286.544291 438868.536246 5680.500000 1986.635864 16.000000 49308300.000000 1.826085
4491256.544291 438898.536246 5722.920000 1990.087891 32.000000 49177800.000000 1.840732
4491256.544291 438928.536246 5752.920000 1992.329468 16.000000 49139100.000000 1.851104
4491256.544291 438958.536246 5782.920000 1994.614258 16.000000 49113000.000000 1.861478
4491226.544291 438988.536246 5825.340000 1997.452148 32.000000 6434100.000000 1.876152
4491226.544291 439018.536246 5855.340000 1999.532715 16.000000 6408900.000000 1.902052
4491196.544291 439048.536246 5897.760000 2002.544556 32.000000 6354900.000000 1.938739
4491196.544291 439078.536246 5927.760000 2004.674927 16.000000 6207300.000000 1.964784
4491166.544291 439108.536246 5970.180000 2008.371460 32.000000 6093000.000000 2.002003
4491136.544291 439138.536246 6012.600000 2013.178955 32.000000 6092100.000000 2.039535
4491106.544291 439168.536246 6055.020000 2019.358765 32.000000 6091200.000000 2.077069
4491076.544291 439198.536246 6097.440000 2027.158447 32.000000 6090300.000000 2.114605
4491046.544291 439198.536246 6127.440000 2034.256470 64.000000 5755500.000000 2.141154
4491016.544291 439198.536246 6157.440000 2043.705444 64.000000 5754600.000000 2.168386
4490986.544291 439198.536246 6187.440000 2055.554932 64.000000 5753700.000000 2.195620
4490956.544291 439198.536246 6217.440000 2069.565186 64.000000 5752800.000000 2.222856
4490926.544291 439198.536246 6247.440000 2085.230469 64.000000 5751900.000000 2.250094
4490896.544291 439198.536246 6277.440000 2101.885010 64.000000 5751000.000000 2.277334
4490866.544291 439198.536246 6307.440000 2118.867920 64.000000 5750100.000000 2.304576
4490836.544291 439198.536246 6337.440000 2135.679443 64.000000 5749200.000000 2.331820
4490806.544291 439198.536246 6367.440000 2152.048340 64.000000 5748300.000000 2.359065
4490776.544291 439198.536246 6397.440000 2167.888916 64.000000 5747400.000000 2.386313
4490746.544291 439198.536246 6427.440000 2183.185791 64.000000 5746500.000000 2.413563
4490716.544291 439198.536246 6457.440000 2197.872314 64.000000 5745600.000000 2.440814
4490686.544291 439198.536246 6487.440000 2211.803223 64.000000 5744700.000000 2.468067
4490656.544291 439198.536246 6517.440000 2224.822754 64.000000 5733900.000000 2.495323
4490626.544291 439198.536246 6547.440000 2236.900879 64.000000 5724000.000000 2.522601
4490596.544291 439198.536246 6577.440000 2248.228027 64.000000 5715000.000000 2.549901
4490566.544291 439198.536246 6607.440000 2259.206055 64.000000 5706900.000000 2.577220
4490536.544291 439168.536246 6649.860000 2274.101807 128.000000 5152500.000000 2.615873
4490506.544291 439168.536246 6679.860000 2284.646240 64.000000 5141700.000000 2.644496
4490476.544291 439168.536246 6709.860000 2295.638916 64.000000 4860000.000000 2.673146
4490446.544291 439168.536246 6739.860000 2307.001465 64.000000 4859100.000000 2.702532
4490416.544291 439168.536246 6769.860000 2318.440918 64.000000 4858200.000000 2.731920
4490386.544291 439168.536246 6799.860000 2329.586182 64.000000 4857300.000000 2.761310
4490356.544291 439168.536246 6829.860000 2340.154053 64.000000 4856400.000000 2.790703
4490326.544291 439168.536246 6859.860000 2350.023682 64.000000 4855500.000000 2.820099
4490296.544291 439168.536246 6889.860000 2359.278320 64.000000 4854600.000000 2.849497
4490266.544291 439168.536246 6919.860000 2368.140381 64.000000 4853700.000000 2.878897
4490236.544291 439168.536246 6949.860000 2376.845459 64.000000 4852800.000000 2.908300
4490206.544291 439168.536246 6979.860000 2385.540771 64.000000 4851900.000000 2.937705
4490176.544291 439168.536246 7009.860000 2394.225830 64.000000 4851000.000000 2.967113
4490146.544291 439168.536246 7039.860000 2402.779053 64.000000 4850100.000000 2.996523
4490116.544291 439168.536246 7069.860000 2411.020264 64.000000 4849200.000000 3.025935
4490086.544291 439168.536246 7099.860000 2418.801270 64.000000 4848300.000000 3.055350
4490056.544291 439168.536246 7129.860000 2426.109375 64.000000 4847400.000000 3.084768
4490026.544291 439168.536246 7159.860000 2433.080078 64.000000 4840200.000000 3.114188
4489996.544291 439168.536246 7189.860000 2439.957520 64.000000 4817700.000000 3.143628
4489966.544291 439168.536246 7219.860000 2447.024658 64.000000 4798800.000000 3.173129
4489936.544291 439138.536246 7262.280000 2457.581055 128.000000 4657500.000000 3.214918
4489906.544291 439138.536246 7292.280000 2465.387939 64.000000 4652100.000000 3.244872
4489876.544291 439138.536246 7322.280000 2473.566650 64.000000 4633200.000000 3.274841
4489846.544291 439138.536246 7352.280000 2481.883057 64.000000 4628700.000000 3.304866
4489816.544291 439138.536246 7382.280000 2490.018311 64.000000 4608900.000000 3.334903
4489786.544291 439138.536246 7412.280000 2497.680664 64.000000 4587300.000000 3.364999
4489756.544291 439138.536246 7442.280000 2504.729248 64.000000 4549500.000000 3.395158
4489726.544291 439138.536246 7472.280000 2511.253906 64.000000 4511700.000000 3.425430
4489696.544291 439138.536246 7502.280000 2517.550049 64.000000 4473900.000000 3.455815
4489666.544291 439138.536246 7532.280000 2524.037842 64.000000 4449600.000000 3.486316
4489636.544291 439138.536246 7562.280000 2531.134521 64.000000 4428900.000000 3.516892
4489606.544291 439108.536246 7604.700000 2542.144775 128.000000 4382100.000000 3.560217
4489576.544291 439108.536246 7634.700000 2550.671631 64.000000 4360500.000000 3.591004
4489546.544291 439108.536246 7664.700000 2559.925049 64.000000 4355100.000000 3.621859
4489516.544291 439108.536246 7694.700000 2569.542969 64.000000 4333500.000000 3.652732
4489486.544291 439108.536246 7724.700000 2579.073730 64.000000 4311900.000000 3.683673
4489456.544291 439108.536246 7754.700000 2588.103760 64.000000 4291200.000000 3.714685
4489426.544291 439078.536246 7797.120000 2599.223145 128.000000 4253400.000000 3.758630
4489396.544291 439078.536246 7827.120000 2606.123779 64.000000 4232700.000000 3.789832
4489366.544291 439078.536246 7857.120000 2612.414062 64.000000 4212000.000000 3.821103
4489336.544291 439078.536246 7887.120000 2618.410156 64.000000 4191300.000000 3.852444
4489306.544291 439048.536246 7929.540000 2626.350098 128.000000 4135500.000000 3.896857
4489276.544291 439048.536246 7959.540000 2631.586914 64.000000 4097700.000000 3.928457
4489246.544291 439048.536246 7989.540000 2637.030762 64.000000 4060800.000000 3.960187
4489216.544291 439018.536246 8031.960000 2643.906006 128.000000 3807000.000000 4.005237
4489186.544291 439018.536246 8061.960000 2648.815918 64.000000 3787200.000000 4.038036
4489156.544291 439018.536246 8091.960000 2653.848145 64.000000 3751200.000000 4.070912
4489126.544291 438988.536246 8134.380000 2660.657959 128.000000 2916900.000000 4.117599
4489096.544291 438988.536246 8164.380000 2665.602539 64.000000 2898000.000000 4.154574
4489066.544291 438988.536246 8194.380000 2670.744141 64.000000 2877300.000000 4.191657
4489036.544291 438988.536246 8224.380000 2676.025391 64.000000 2850300.000000 4.228860
4489006.544291 438988.536246 8254.380000 2681.359131 64.000000 2824200.000000 4.266221
4488976.544291 438988.536246 8284.380000 2686.627686 64.000000 2804400.000000 4.303737
4488946.544291 438988.536246 8314.380000 2691.702148 64.000000 2778300.000000 4.341372
4488916.544291 438988.536246 8344.380000 2696.476807 64.000000 2753100.000000 4.379166
4488886.544291 438988.536246 8374.380000 2700.901367 64.000000 2727900.000000 4.417115
4488856.544291 438988.536246 8404.380000 2704.993652 64.000000 2702700.000000 4.455222
4488826.544291 438988.536246 8434.380000 2708.857178 64.000000 2664900.000000 4.493488
4488796.544291 438988.536246 8464.380000 2712.671143 64.000000 2642400.000000 4.531997
4488766.544291 438988.536246 8494.380000 2716.658936 64.000000 2619000.000000 4.570653
4488736.544291 438988.536246 8524.380000 2721.016113 64.000000 2594700.000000 4.609465
4488706.544291 438958.536246 8566.800000 2727.763428 128.000000 2348100.000000 4.664575
4488676.544291 438958.536246 8596.800000 2732.865234 64.000000 2344500.000000 4.705341
4488646.544291 438958.536246 8626.800000 2738.242188 64.000000 2320200.000000 4.746135
4488616.544291 438958.536246 8656.800000 2743.746582 64.000000 2295900.000000 4.787121
4488586.544291 438958.536246 8686.800000 2749.319580 64.000000 2251800.000000 4.828302
4488556.544291 438958.536246 8716.800000 2755.056152 64.000000 2228400.000000 4.869843
4488526.544291 438958.536246 8746.800000 2761.180176 64.000000 2186100.000000 4.911581
4488496.544291 438928.536246 8789.220000 2769.525146 128.000000 2102400.000000 4.971108
4488466.544291 438928.536246 8819.220000 2776.076416 64.000000 2079900.000000 5.013953
4488436.544291 438898.536246 8861.640000 2785.758545 128.000000 2041200.000000 5.074830
4488406.544291 438898.536246 8891.640000 2792.138916 64.000000 2019600.000000 5.118248
4488376.544291 438898.536246 8921.640000 2798.364746 64.000000 1998000.000000 5.161875
4488346.544291 438898.536246 8951.640000 2804.021973 64.000000 1976400.000000 5.205713
4488316.544291 438898.536246 8981.640000 2808.871094 64.000000 1954800.000000 5.249766
4488286.544291 438868.536246 9024.060000 2813.989502 128.000000 1799100.000000 5.312366
4488256.544291 438868.536246 9054.060000 2817.118896 64.000000 1760400.000000 5.358323
4488226.544291 438868.536246 9084.060000 2820.250488 64.000000 1702800.000000 5.404731
4488196.544291 438868.536246 9114.060000 2823.699219 64.000000 1681200.000000 5.451840
4488166.544291 438868.536246 9144.060000 2827.616699 64.000000 1676700.000000 5.499219
4488136.544291 438868.536246 9174.060000 2831.953613 64.000000 1655100.000000 5.546656
4488106.544291 438868.536246 9204.060000 2836.484131 64.000000 1651500.000000 5.594371
4488076.544291 438868.536246 9234.060000 2840.894287 64.000000 1629900.000000 5.642132
4488046.544291 438868.536246 9264.060000 2844.878174 64.000000 1627200.000000 5.690177
4488016.544291 438868.536246 9294.060000 2848.237793 64.000000 1605600.000000 5.738258
4487986.544291 438868.536246 9324.060000 2850.919678 64.000000 1584000.000000 5.786629
4487956.544291 438868.536246 9354.060000 2853.008545 64.000000 1582200.000000 5.835296
4487926.544291 438868.536246 9384.060000 2854.674072 64.000000 1560600.000000 5.883987
4487896.544291 438868.536246 9414.060000 2856.125488 64.000000 1430100.000000 5.932981
4487866.544291 438868.536246 9444.060000 2857.569336 64.000000 1389600.000000 5.983938
4487836.544291 438838.536246 9486.480000 2859.490723 128.000000 1335600.000000 6.056929
4487806.544291 438838.536246 9516.480000 2860.790771 64.000000 1316700.000000 6.109478
4487776.544291 438838.536246 9546.480000 2862.636475 64.000000 1293300.000000 6.162366
4487746.544291 438808.536246 9588.900000 2865.454102 128.000000 1233000.000000 6.237755
4487716.544291 438808.536246 9618.900000 2868.029541 64.000000 1135800.000000 6.292228
4487686.544291 438778.536246 9661.320000 2872.132324 128.000000 1109700.000000 6.372154
4487656.544291 438778.536246 9691.320000 2875.315674 64.000000 1072800.000000 6.429273
4487626.544291 438748.536246 9733.740000 2880.160156 128.000000 454500.000000 6.511277
4487596.544291 438718.536246 9776.160000 2886.145264 128.000000 215100.000000 6.631969
4487566.544291 438688.536246 9818.580000 2893.828857 128.000000 214200.000000 6.800968
4487536.544291 438658.536246 9861.000000 2904.029541 128.000000 197100.000000 6.970285
4487536.544291 438628.536246 9891.000000 2912.975830 1.000000 196200.000000 7.094597
4487536.544291 438598.536246 9921.000000 2923.493652 1.000000 195300.000000 7.219165
4487536.544291 438568.536246 9951.000000 2935.294678 1.000000 194400.000000 7.343991
