4491886.544291 433528.536246 0.000000 1608.240967 1.000000 63424800.000000 0.000000
4491856.544291 433528.536246 30.000000 1608.597900 64.000000 63331200.000000 0.009249
4491856.544291 433558.536246 60.000000 1610.158203 16.000000 63176400.000000 0.018505
4491856.544291 433588.536246 90.000000 1611.844727 16.000000 63137700.000000 0.027770
4491826.544291 433618.536246 132.420000 1614.121704 32.000000 63097200.000000 0.040875
4491826.544291 433648.536246 162.420000 1615.713501 16.000000 63076500.000000 0.050146
4491796.544291 433678.536246 204.840000 1617.891724 32.000000 63029700.000000 0.063257
4491796.544291 433708.536246 234.840000 1619.175415 16.000000 63009900.000000 0.072532
4491796.544291 433738.536246 264.840000 1620.472534 16.000000 62990100.000000 0.081809
4491766.544291 433768.536246 307.260000 1621.892334 32.000000 62951400.000000 0.094928
4491766.544291 433798.536246 337.260000 1622.834961 16.000000 62914500.000000 0.104208
4491736.544291 433828.536246 379.680000 1624.097290 32.000000 62886600.000000 0.117334
4491736.544291 433858.536246 409.680000 1624.808105 16.000000 62867700.000000 0.126619
4491736.544291 433888.536246 439.680000 1625.665649 16.000000 62848800.000000 0.135905
4491706.544291 433918.536246 482.100000 1626.823364 32.000000 62804700.000000 0.149037
4491706.544291 433948.536246 512.100000 1627.643066 16.000000 62767800.000000 0.158327
4491706.544291 433978.536246 542.100000 1628.688721 16.000000 62748000.000000 0.167620
4491676.544291 434008.536246 584.520000 1630.361328 32.000000 62447400.000000 0.180762
4491676.544291 434038.536246 614.520000 1631.430542 16.000000 62410500.000000 0.190076
4491676.544291 434068.536246 644.520000 1632.681274 16.000000 62391600.000000 0.199392
4491676.544291 434098.536246 674.520000 1634.124756 16.000000 62353800.000000 0.208710
4491646.544291 434128.536246 716.940000 1636.365967 32.000000 62224200.000000 0.221889
4491646.544291 434158.536246 746.940000 1637.888794 16.000000 62205300.000000 0.231218
4491646.544291 434188.536246 776.940000 1639.718140 16.000000 62169300.000000 0.240548
4491646.544291 434218.536246 806.940000 1641.873291 16.000000 62150400.000000 0.249881
4491616.544291 434248.536246 849.360000 1644.810059 32.000000 62085600.000000 0.263080
4491616.544291 434278.536246 879.360000 1646.921875 16.000000 62049600.000000 0.272418
4491616.544291 434308.536246 909.360000 1649.296143 16.000000 62030700.000000 0.281759
4491586.544291 434338.536246 951.780000 1651.905884 32.000000 61975800.000000 0.294969
4491586.544291 434368.536246 981.780000 1653.952393 16.000000 61939800.000000 0.304315
4491556.544291 434398.536246 1024.200000 1656.079590 32.000000 61909200.000000 0.317533
4491526.544291 434428.536246 1066.620000 1658.351807 32.000000 61888500.000000 0.330755
4491526.544291 434458.536246 1096.620000 1659.616089 16.000000 61853400.000000 0.340107
4491496.544291 434488.536246 1139.040000 1661.705566 32.000000 61839000.000000 0.353334
4491496.544291 434518.536246 1169.040000 1663.108398 16.000000 61805700.000000 0.362689
4491466.544291 434548.536246 1211.460000 1665.387939 32.000000 61789500.000000 0.375920
4491466.544291 434578.536246 1241.460000 1666.819214 16.000000 61757100.000000 0.385279
4491466.544291 434608.536246 1271.460000 1668.648071 16.000000 61723800.000000 0.394640
4491436.544291 434638.536246 1313.880000 1670.868164 32.000000 61677900.000000 0.407879
4491436.544291 434668.536246 1343.880000 1672.469971 16.000000 61660800.000000 0.417245
4491436.544291 434698.536246 1373.880000 1674.206543 16.000000 61643700.000000 0.426612
4491436.544291 434728.536246 1403.880000 1675.978271 16.000000 61609500.000000 0.435981
4491436.544291 434758.536246 1433.880000 1677.721802 16.000000 61578000.000000 0.445352
4491436.544291 434788.536246 1463.880000 1679.416992 16.000000 61545600.000000 0.454725
4491436.544291 434818.536246 1493.880000 1681.085449 16.000000 61511400.000000 0.464100
4491436.544291 434848.536246 1523.880000 1682.788940 16.000000 61476300.000000 0.473478
4491436.544291 434878.536246 1553.880000 1684.609253 16.000000 61436700.000000 0.482858
4491406.544291 434908.536246 1596.300000 1687.288940 32.000000 61254900.000000 0.496125
4491406.544291 434938.536246 1626.300000 1689.259644 16.000000 61236900.000000 0.505520
4491406.544291 434968.536246 1656.300000 1691.327026 16.000000 61218000.000000 0.514917
4491406.544291 434998.536246 1686.300000 1693.390503 16.000000 61199100.000000 0.524314
4491406.544291 435028.536246 1716.300000 1695.333862 16.000000 61180200.000000 0.533713
4491406.544291 435058.536246 1746.300000 1697.071655 16.000000 61160400.000000 0.543114
4491406.544291 435088.536246 1776.300000 1698.588623 16.000000 61140600.000000 0.552516
4491406.544291 435118.536246 1806.300000 1699.943848 16.000000 61093800.000000 0.561919
4491406.544291 435148.536246 1836.300000 1701.245117 16.000000 61046100.000000 0.571325
4491406.544291 435178.536246 1866.300000 1702.603760 16.000000 60998400.000000 0.580735
4491406.544291 435208.536246 1896.300000 1704.090942 16.000000 60930000.000000 0.590148
4491406.544291 435238.536246 1926.300000 1705.713501 16.000000 60740100.000000 0.599566
4491406.544291 435268.536246 1956.300000 1707.424194 16.000000 60717600.000000 0.608997
4491406.544291 435298.536246 1986.300000 1709.152100 16.000000 60695100.000000 0.618429
4491406.544291 435328.536246 2016.300000 1710.843750 16.000000 60693300.000000 0.627863
4491406.544291 435358.536246 2046.300000 1712.490967 16.000000 60670800.000000 0.637298
4491406.544291 435388.536246 2076.300000 1714.125488 16.000000 60645600.000000 0.646733
4491406.544291 435418.536246 2106.300000 1715.797363 16.000000 60571800.000000 0.656171
4491376.544291 435448.536246 2148.720000 1717.954590 32.000000 60426900.000000 0.669523
4491376.544291 435478.536246 2178.720000 1719.350586 16.000000 60404400.000000 0.678976
4491376.544291 435508.536246 2208.720000 1720.800049 16.000000 60381000.000000 0.688431
4491376.544291 435538.536246 2238.720000 1722.299194 16.000000 60357600.000000 0.697887
4491376.544291 435568.536246 2268.720000 1723.875977 16.000000 60334200.000000 0.707345
4491376.544291 435598.536246 2298.720000 1725.598145 16.000000 60280200.000000 0.716804
4491376.544291 435628.536246 2328.720000 1727.545776 16.000000 60202800.000000 0.726267
4491406.544291 435658.536246 2371.140000 1730.432251 8.000000 59997600.000000 0.739656
4491406.544291 435688.536246 2401.140000 1732.605591 16.000000 59967900.000000 0.749140
4491406.544291 435718.536246 2431.140000 1734.870605 16.000000 59938200.000000 0.758625
4491406.544291 435748.536246 2461.140000 1737.187012 16.000000 59880600.000000 0.768113
4491406.544291 435778.536246 2491.140000 1739.565186 16.000000 59850900.000000 0.777604
4491406.544291 435808.536246 2521.140000 1742.070068 16.000000 59821200.000000 0.787098
4491436.544291 435838.536246 2563.560000 1745.109497 8.000000 59726700.000000 0.800525
4491436.544291 435868.536246 2593.560000 1747.529419 16.000000 59669100.000000 0.810028
4491436.544291 435898.536246 2623.560000 1750.218018 16.000000 59639400.000000 0.819535
4491436.544291 435928.536246 2653.560000 1753.094849 16.000000 59608800.000000 0.829044
4491436.544291 435958.536246 2683.560000 1756.045898 16.000000 59578200.000000 0.838555
4491436.544291 435988.536246 2713.560000 1758.966431 16.000000 59429700.000000 0.848068
4491436.544291 436018.536246 2743.560000 1761.800415 16.000000 59400000.000000 0.857592
4491436.544291 436048.536246 2773.560000 1764.538696 16.000000 59370300.000000 0.867118
4491436.544291 436078.536246 2803.560000 1767.196899 16.000000 59339700.000000 0.876646
4491436.544291 436108.536246 2833.560000 1769.781128 16.000000 59279400.000000 0.886177
4491436.544291 436138.536246 2863.560000 1772.273804 16.000000 59219100.000000 0.895712
4491436.544291 436168.536246 2893.560000 1774.641113 16.000000 59186700.000000 0.905251
4491436.544291 436198.536246 2923.560000 1776.850464 16.000000 59125500.000000 0.914793
4491436.544291 436228.536246 2953.560000 1778.900513 16.000000 58532400.000000 0.924339
4491436.544291 436258.536246 2983.560000 1780.832397 16.000000 58500900.000000 0.933928
4491436.544291 436288.536246 3013.560000 1782.720093 16.000000 58469400.000000 0.943520
4491436.544291 436318.536246 3043.560000 1784.650269 16.000000 58437900.000000 0.953114
4491436.544291 436348.536246 3073.560000 1786.690186 16.000000 58405500.000000 0.962710
4491436.544291 436378.536246 3103.560000 1788.866333 16.000000 58373100.000000 0.972309
4491436.544291 436408.536246 3133.560000 1791.151367 16.000000 58340700.000000 0.981910
4491436.544291 436438.536246 3163.560000 1793.486450 16.000000 58307400.000000 0.991514
4491436.544291 436468.536246 3193.560000 1795.814819 16.000000 58274100.000000 1.001120
4491436.544291 436498.536246 3223.560000 1798.119629 16.000000 58239900.000000 1.010729
4491436.544291 436528.536246 3253.560000 1800.447388 16.000000 58205700.000000 1.020340
4491436.544291 436558.536246 3283.560000 1802.899414 16.000000 58137300.000000 1.029953
4491436.544291 436588.536246 3313.560000 1805.598267 16.000000 58101300.000000 1.039572
4491466.544291 436618.536246 3355.980000 1809.417603 8.000000 57968100.000000 1.053177
4491466.544291 436648.536246 3385.980000 1812.021606 16.000000 57932100.000000 1.062808
4491466.544291 436678.536246 3415.980000 1814.945679 16.000000 57859200.000000 1.072442
4491466.544291 436708.536246 3445.980000 1818.114990 16.000000 57820500.000000 1.082081
4491466.544291 436738.536246 3475.980000 1821.437378 16.000000 57490200.000000 1.091724
4491466.544291 436768.536246 3505.980000 1824.839233 16.000000 57237300.000000 1.101391
4491466.544291 436798.536246 3535.980000 1828.280884 16.000000 57204900.000000 1.111078
4491466.544291 436828.536246 3565.980000 1831.746948 16.000000 57181500.000000 1.120766
4491436.544291 436858.536246 3608.400000 1836.265869 32.000000 56996100.000000 1.134469
4491436.544291 436888.536246 3638.400000 1839.115112 16.000000 56979900.000000 1.144174
4491436.544291 436918.536246 3668.400000 1841.885254 16.000000 56958300.000000 1.153880
4491436.544291 436948.536246 3698.400000 1844.642456 16.000000 56924100.000000 1.163588
4491406.544291 436978.536246 3740.820000 1847.982422 32.000000 56822400.000000 1.177319
4491406.544291 437008.536246 3770.820000 1850.400146 16.000000 56805300.000000 1.187037
4491406.544291 437038.536246 3800.820000 1853.035889 16.000000 56787300.000000 1.196756
4491406.544291 437068.536246 3830.820000 1855.827148 16.000000 56767500.000000 1.206477
4491406.544291 437098.536246 3860.820000 1858.651489 16.000000 56723400.000000 1.216200
4491406.544291 437128.536246 3890.820000 1861.362671 16.000000 56678400.000000 1.225926
4491406.544291 437158.536246 3920.820000 1863.831787 16.000000 56587500.000000 1.235655
4491406.544291 437188.536246 3950.820000 1865.994385 16.000000 56520900.000000 1.245391
4491406.544291 437218.536246 3980.820000 1867.873291 16.000000 56454300.000000 1.255133
4491406.544291 437248.536246 4010.820000 1869.576538 16.000000 56384100.000000 1.264880
4491406.544291 437278.536246 4040.820000 1871.260864 16.000000 55770300.000000 1.274632
4491406.544291 437308.536246 4070.820000 1873.082886 16.000000 55656000.000000 1.284432
4491406.544291 437338.536246 4100.820000 1875.154663 16.000000 55618200.000000 1.294241
4491406.544291 437368.536246 4130.820000 1877.521973 16.000000 55494000.000000 1.304054
4491406.544291 437398.536246 4160.820000 1880.159058 16.000000 55441800.000000 1.313876
4491406.544291 437428.536246 4190.820000 1882.986084 16.000000 55421100.000000 1.323702
4491376.544291 437458.536246 4233.240000 1886.707520 32.000000 55359900.000000 1.337599
4491376.544291 437488.536246 4263.240000 1889.157959 16.000000 55341000.000000 1.347432
4491376.544291 437518.536246 4293.240000 1891.425415 16.000000 55317600.000000 1.357267
4491376.544291 437548.536246 4323.240000 1893.463257 16.000000 55315800.000000 1.367103
4491376.544291 437578.536246 4353.240000 1895.277466 16.000000 55263600.000000 1.376939
4491376.544291 437608.536246 4383.240000 1896.928711 16.000000 53786700.000000 1.386780
4491376.544291 437638.536246 4413.240000 1898.525024 16.000000 53697600.000000 1.396741
4491376.544291 437668.536246 4443.240000 1900.187744 16.000000 53656200.000000 1.406710
4491376.544291 437698.536246 4473.240000 1902.015747 16.000000 53616600.000000 1.416682
4491376.544291 437728.536246 4503.240000 1904.058228 16.000000 53575200.000000 1.426658
4491376.544291 437758.536246 4533.240000 1906.316772 16.000000 52561800.000000 1.436637
4491376.544291 437788.536246 4563.240000 1908.765869 16.000000 52546500.000000 1.446702
4491376.544291 437818.536246 4593.240000 1911.387695 16.000000 52529400.000000 1.456769
4491376.544291 437848.536246 4623.240000 1914.185913 16.000000 52511400.000000 1.466836
4491376.544291 437878.536246 4653.240000 1917.175659 16.000000 52492500.000000 1.476906
4491376.544291 437908.536246 4683.240000 1920.358887 16.000000 52472700.000000 1.486977
4491376.544291 437938.536246 4713.240000 1923.694580 16.000000 52449300.000000 1.497050
4491376.544291 437968.536246 4743.240000 1927.096191 16.000000 52428600.000000 1.507125
4491376.544291 437998.536246 4773.240000 1930.449341 16.000000 52407000.000000 1.517201
4491376.544291 438028.536246 4803.240000 1933.646484 16.000000 52384500.000000 1.527280
4491376.544291 438058.536246 4833.240000 1936.621826 16.000000 52360200.000000 1.537360
4491376.544291 438088.536246 4863.240000 1939.357300 16.000000 52335000.000000 1.547443
4491376.544291 438118.536246 4893.240000 1941.871948 16.000000 52308900.000000 1.557528
4491376.544291 438148.536246 4923.240000 1944.205444 16.000000 52281900.000000 1.567615
4491376.544291 438178.536246 4953.240000 1946.405518 16.000000 52253100.000000 1.577704
4491376.544291 438208.536246 4983.240000 1948.516479 16.000000 52223400.000000 1.587796
4491376.544291 438238.536246 5013.240000 1950.580933 16.000000 52192800.000000 1.597890
4491346.544291 438268.536246 5055.660000 1953.183350 32.000000 52088400.000000 1.612168
4491346.544291 438298.536246 5085.660000 1954.866211 16.000000 52056900.000000 1.622274
4491346.544291 438328.536246 5115.660000 1956.581543 16.000000 52024500.000000 1.632383
4491346.544291 438358.536246 5145.660000 1958.303589 16.000000 51991200.000000 1.642494
4491346.544291 438388.536246 5175.660000 1959.975220 16.000000 51956100.000000 1.652609
4491346.544291 438418.536246 5205.660000 1961.526611 16.000000 51918300.000000 1.662727
4491346.544291 438448.536246 5235.660000 1962.891968 16.000000 51836400.000000 1.672848
4491346.544291 438478.536246 5265.660000 1964.036865 16.000000 51794100.000000 1.682976
4491346.544291 438508.536246 5295.660000 1964.967773 16.000000 51717600.000000 1.693108
4491346.544291 438538.536246 5325.660000 1965.736694 16.000000 50160600.000000 1.703247
4491346.544291 438568.536246 5355.660000 1966.432739 16.000000 50103900.000000 1.713526
4491346.544291 438598.536246 5385.660000 1967.169067 16.000000 49931100.000000 1.723811
4491346.544291 438628.536246 5415.660000 1968.064819 16.000000 49782600.000000 1.734111
4491346.544291 438658.536246 5445.660000 1969.227905 16.000000 49758300.000000 1.744425
4491346.544291 438688.536246 5475.660000 1970.738892 16.000000 49720500.000000 1.754742
4491316.544291 438718.536246 5518.080000 1973.301758 32.000000 49609800.000000 1.769334
4491316.544291 438748.536246 5548.080000 1975.381836 16.000000 49576500.000000 1.779665
4491316.544291 438778.536246 5578.080000 1977.798950 16.000000 49533300.000000 1.789998
4491286.544291 438808.536246 5620.500000 1981.496582 32.000000 49418100.000000 1.804615
4491286.544291 438838.536246 5650.500000 1984.011597 16.000000 49387500.000000 1.814964
4491286.544291 438868.536246 5680.500000 1986.635864 16.000000 49362300.000000 1.825315
4491256.544291 438898.536246 5722.920000 1990.087891 32.000000 49231800.000000 1.839955
4491256.544291 438928.536246 5752.920000 1992.329468 16.000000 49193100.000000 1.850321
4491256.544291 438958.536246 5782.920000 1994.614258 16.000000 49167000.000000 1.860691
4491256.544291 438988.536246 5812.920000 1996.967163 16.000000 42732000.000000 1.871063
4491256.544291 439018.536246 5842.920000 1999.423828 16.000000 42731100.000000 1.882111
4491256.544291 439048.536246 5872.920000 2002.018066 16.000000 42730200.000000 1.893159
4491256.544291 439078.536246 5902.920000 2004.774780 16.000000 42729300.000000 1.904207
4491256.544291 439108.536246 5932.920000 2007.713501 16.000000 42681600.000000 1.915255
4491256.544291 439138.536246 5962.920000 2010.869873 16.000000 42645600.000000 1.926309
4491256.544291 439168.536246 5992.920000 2014.298340 16.000000 42608700.000000 1.937367
4491256.544291 439198.536246 6022.920000 2018.071411 16.000000 42602400.000000 1.948430
4491256.544291 439228.536246 6052.920000 2022.249146 16.000000 42564600.000000 1.959493
4491256.544291 439258.536246 6082.920000 2026.832397 16.000000 41770800.000000 1.970560
4491256.544291 439288.536246 6112.920000 2031.734009 16.000000 41769900.000000 1.981722
4491256.544291 439318.536246 6142.920000 2036.771484 16.000000 41769000.000000 1.992884
4491256.544291 439348.536246 6172.920000 2041.704224 16.000000 41768100.000000 2.004045
4491256.544291 439378.536246 6202.920000 2046.308472 16.000000 41767200.000000 2.015207
4491256.544291 439408.536246 6232.920000 2050.448242 16.000000 41766300.000000 2.026369
4491256.544291 439438.536246 6262.920000 2054.118896 16.000000 41765400.000000 2.037532
4491256.544291 439468.536246 6292.920000 2057.437256 16.000000 41764500.000000 2.048694
4491256.544291 439498.536246 6322.920000 2060.586426 16.000000 41763600.000000 2.059856
4491256.544291 439528.536246 6352.920000 2063.748291 16.000000 41759100.000000 2.071019
4491256.544291 439558.536246 6382.920000 2067.041992 16.000000 41735700.000000 2.082182
4491256.544291 439588.536246 6412.920000 2070.506592 16.000000 41706000.000000 2.093348
4491226.544291 439618.536246 6455.340000 2075.459229 32.000000 41615100.000000 2.109141
4491226.544291 439648.536246 6485.340000 2079.012695 16.000000 41580900.000000 2.120322
4491226.544291 439678.536246 6515.340000 2082.566162 16.000000 41560200.000000 2.131506
4491226.544291 439708.536246 6545.340000 2086.050537 16.000000 41540400.000000 2.142694
4491226.544291 439738.536246 6575.340000 2089.408691 16.000000 41518800.000000 2.153883
4491226.544291 439768.536246 6605.340000 2092.609619 16.000000 41496300.000000 2.165075
4491226.544291 439798.536246 6635.340000 2095.668213 16.000000 41472900.000000 2.176270
4491226.544291 439828.536246 6665.340000 2098.633057 16.000000 41437800.000000 2.187468
4491226.544291 439858.536246 6695.340000 2101.572998 16.000000 38833200.000000 2.198669
4491226.544291 439888.536246 6725.340000 2104.542480 16.000000 38832300.000000 2.210203
4491226.544291 439918.536246 6755.340000 2107.555176 16.000000 38831400.000000 2.221738
4491226.544291 439948.536246 6785.340000 2110.583740 16.000000 38593800.000000 2.233272
4491226.544291 439978.536246 6815.340000 2113.588135 16.000000 38545200.000000 2.244838
4491226.544291 440008.536246 6845.340000 2116.553711 16.000000 38497500.000000 2.256411
4491226.544291 440038.536246 6875.340000 2119.502197 16.000000 38395800.000000 2.267990
4491226.544291 440068.536246 6905.340000 2122.480713 16.000000 38303100.000000 2.279583
4491226.544291 440098.536246 6935.340000 2125.527832 16.000000 38269800.000000 2.291188
4491226.544291 440128.536246 6965.340000 2128.649414 16.000000 38250000.000000 2.302798
4491226.544291 440158.536246 6995.340000 2131.816162 16.000000 38231100.000000 2.314411
4491256.544291 440188.536246 7037.760000 2136.204590 8.000000 38186100.000000 2.330835
4491256.544291 440218.536246 7067.760000 2139.222412 16.000000 38164500.000000 2.342457
4491256.544291 440248.536246 7097.760000 2142.388184 16.000000 38136600.000000 2.354081
4491256.544291 440278.536246 7127.760000 2145.812256 16.000000 38128500.000000 2.365710
4491256.544291 440308.536246 7157.760000 2149.589844 16.000000 3767400.000000 2.377339
4491256.544291 440338.536246 7187.760000 2153.744873 16.000000 3766500.000000 2.410293
4491256.544291 440368.536246 7217.760000 2158.207520 16.000000 3765600.000000 2.443250
4491256.544291 440398.536246 7247.760000 2162.823730 16.000000 3764700.000000 2.476211
4491256.544291 440428.536246 7277.760000 2167.408203 16.000000 3763800.000000 2.509175
4491256.544291 440458.536246 7307.760000 2171.791748 16.000000 3762900.000000 2.542142
4491256.544291 440488.536246 7337.760000 2175.853027 16.000000 3762000.000000 2.575114
4491256.544291 440518.536246 7367.760000 2179.538086 16.000000 3761100.000000 2.608089
4491226.544291 440548.536246 7410.180000 2185.223145 32.000000 3698100.000000 2.654720
4491196.544291 440578.536246 7452.600000 2193.714600 32.000000 3697200.000000 2.701707
4491166.544291 440608.536246 7495.020000 2205.438721 32.000000 3696300.000000 2.748700
4491136.544291 440638.536246 7537.440000 2220.311279 32.000000 3685500.000000 2.795697
4491106.544291 440668.536246 7579.860000 2237.619385 32.000000 3676500.000000 2.842757
4491076.544291 440698.536246 7622.280000 2256.087402 32.000000 3623400.000000 2.889868
4491046.544291 440698.536246 7652.280000 2269.073975 64.000000 3606300.000000 2.923405
4491016.544291 440728.536246 7694.700000 2285.989502 32.000000 3505500.000000 2.970927
4490986.544291 440728.536246 7724.700000 2297.102539 64.000000 3488400.000000 3.004966
4490956.544291 440728.536246 7754.700000 2307.525146 64.000000 3476700.000000 3.039081
4490926.544291 440758.536246 7797.120000 2320.290283 32.000000 3418200.000000 3.087392
4490896.544291 440758.536246 7827.120000 2328.917725 64.000000 3408300.000000 3.121820
4490866.544291 440758.536246 7857.120000 2337.442627 64.000000 3399300.000000 3.156293
4490836.544291 440758.536246 7887.120000 2346.111572 64.000000 3387600.000000 3.190807
4490806.544291 440758.536246 7917.120000 2355.114502 64.000000 3379500.000000 3.225374
4490776.544291 440758.536246 7947.120000 2364.527832 64.000000 3372300.000000 3.259979
4490746.544291 440758.536246 7977.120000 2374.302490 64.000000 3356100.000000 3.294617
4490716.544291 440758.536246 8007.120000 2384.298340 64.000000 3343500.000000 3.329331
4490686.544291 440758.536246 8037.120000 2394.353516 64.000000 3337200.000000 3.364103
4490656.544291 440758.536246 8067.120000 2404.358154 64.000000 3323700.000000 3.398904
4490626.544291 440788.536246 8109.540000 2417.892578 32.000000 3199500.000000 3.448204
4490596.544291 440788.536246 8139.540000 2427.270752 64.000000 3176100.000000 3.483671
4490566.544291 440788.536246 8169.540000 2436.635986 64.000000 3159900.000000 3.519257
4490536.544291 440788.536246 8199.540000 2446.041504 64.000000 3116700.000000 3.554924
4490506.544291 440788.536246 8229.540000 2455.465332 64.000000 3091500.000000 3.590812
4490476.544291 440818.536246 8271.960000 2467.876953 32.000000 3053700.000000 3.641745
4490446.544291 440818.536246 8301.960000 2476.299805 64.000000 3037500.000000 3.677965
4490416.544291 440818.536246 8331.960000 2484.578857 64.000000 3021300.000000 3.714272
4490386.544291 440818.536246 8361.960000 2492.725342 64.000000 3005100.000000 3.750666
4490356.544291 440818.536246 8391.960000 2500.842285 64.000000 2991600.000000 3.787149
4490326.544291 440848.536246 8434.380000 2512.338379 32.000000 2939400.000000 3.838840
4490296.544291 440848.536246 8464.380000 2520.768555 64.000000 2923200.000000 3.875687
4490266.544291 440848.536246 8494.380000 2529.639160 64.000000 2901600.000000 3.912626
4490236.544291 440848.536246 8524.380000 2538.913818 64.000000 2884500.000000 3.949688
4490206.544291 440848.536246 8554.380000 2548.447998 64.000000 2876400.000000 3.986850
4490176.544291 440848.536246 8584.380000 2558.016113 64.000000 2862000.000000 4.024058
4490146.544291 440848.536246 8614.380000 2567.362793 64.000000 2844000.000000 4.061350
4490116.544291 440848.536246 8644.380000 2576.244629 64.000000 2825100.000000 4.098749
4490086.544291 440848.536246 8674.380000 2584.476074 64.000000 2817900.000000 4.136259
4490056.544291 440848.536246 8704.380000 2591.979980 64.000000 2811600.000000 4.173813
4490026.544291 440848.536246 8734.380000 2598.771240 64.000000 2806200.000000 4.211405
4489996.544291 440848.536246 8764.380000 2604.921631 64.000000 2790900.000000 4.249029
4489966.544291 440848.536246 8794.380000 2610.547119 64.000000 2786400.000000 4.286746
4489936.544291 440878.536246 8836.800000 2617.484619 32.000000 2742300.000000 4.340117
4489906.544291 440878.536246 8866.800000 2621.800049 64.000000 2724300.000000 4.378133
4489876.544291 440878.536246 8896.800000 2625.952637 64.000000 2642400.000000 4.416262
4489846.544291 440878.536246 8926.800000 2630.220215 64.000000 2624400.000000 4.454918
4489816.544291 440908.536246 8969.220000 2635.860840 32.000000 2539800.000000 4.509747
4489786.544291 440908.536246 8999.220000 2640.502197 64.000000 2524500.000000 4.549098
4489756.544291 440938.536246 9041.640000 2648.706787 32.000000 2495700.000000 4.604893
4489726.544291 440938.536246 9071.640000 2655.024658 64.000000 2470500.000000 4.644556
4489696.544291 440938.536246 9101.640000 2662.675537 64.000000 2454300.000000 4.684400
4489666.544291 440968.536246 9144.060000 2674.608154 32.000000 2436300.000000 4.740908
4489636.544291 440968.536246 9174.060000 2683.678223 64.000000 2421900.000000 4.781003
4489606.544291 440998.536246 9216.480000 2696.514648 32.000000 2393100.000000 4.837849
4489576.544291 441028.536246 9258.900000 2709.337158 32.000000 2347200.000000 4.895002
4489546.544291 441028.536246 9288.900000 2717.819336 64.000000 2335500.000000 4.935775
4489516.544291 441058.536246 9331.320000 2729.327637 32.000000 2318400.000000 4.993558
4489486.544291 441058.536246 9361.320000 2736.881836 64.000000 2308500.000000 5.034558
4489456.544291 441088.536246 9403.740000 2746.362793 32.000000 2234700.000000 5.092644
4489426.544291 441088.536246 9433.740000 2751.735840 64.000000 2223000.000000 5.134328
4489396.544291 441088.536246 9463.740000 2756.432617 64.000000 2210400.000000 5.176111
4489366.544291 441118.536246 9506.160000 2761.037842 32.000000 2147400.000000 5.235344
4489336.544291 441118.536246 9536.160000 2763.503174 64.000000 2132100.000000 5.277782
4489306.544291 441118.536246 9566.160000 2766.256592 64.000000 2079000.000000 5.320357
4489276.544291 441148.536246 9608.580000 2770.343750 32.000000 1956600.000000 5.381246
4489246.544291 441148.536246 9638.580000 2774.323242 64.000000 1924200.000000 5.425499
