4491886.544291 433528.536246 0.000000 1608.240967 1.000000 63424800.000000 0.000000
4491856.544291 433528.536246 30.000000 1608.597900 64.000000 63331200.000000 0.009249
4491856.544291 433558.536246 60.000000 1610.158203 16.000000 63176400.000000 0.018505
4491856.544291 433588.536246 90.000000 1611.844727 16.000000 63137700.000000 0.027770
4491826.544291 433618.536246 132.420000 1614.121704 32.000000 63097200.000000 0.040875
4491826.544291 433648.536246 162.420000 1615.713501 16.000000 63076500.000000 0.050146
4491796.544291 433678.536246 204.840000 1617.891724 32.000000 63029700.000000 0.063257
4491796.544291 433708.536246 234.840000 1619.175415 16.000000 63009900.000000 0.072532
4491796.544291 433738.536246 264.840000 1620.472534 16.000000 62990100.000000 0.081809
4491766.544291 433768.536246 307.260000 1621.892334 32.000000 62951400.000000 0.094928
4491766.544291 433798.536246 337.260000 1622.834961 16.000000 62914500.000000 0.104208
4491736.544291 433828.536246 379.680000 1624.097290 32.000000 62886600.000000 0.117334
4491736.544291 433858.536246 409.680000 1624.808105 16.000000 62867700.000000 0.126619
4491736.544291 433888.536246 439.680000 1625.665649 16.000000 62848800.000000 0.135905
4491706.544291 433918.536246 482.100000 1626.823364 32.000000 62804700.000000 0.149037
4491706.544291 433948.536246 512.100000 1627.643066 16.000000 62767800.000000 0.158327
4491706.544291 433978.536246 542.100000 1628.688721 16.000000 62748000.000000 0.167620
4491676.544291 434008.536246 584.520000 1630.361328 32.000000 62447400.000000 0.180762
4491676.544291 434038.536246 614.520000 1631.430542 16.000000 62410500.000000 0.190076
4491676.544291 434068.536246 644.520000 1632.681274 16.000000 62391600.000000 0.199392
4491676.544291 434098.536246 674.520000 1634.124756 16.000000 62353800.000000 0.208710
4491646.544291 434128.536246 716.940000 1636.365967 32.000000 62224200.000000 0.221889
4491646.544291 434158.536246 746.940000 1637.888794 16.000000 62205300.000000 0.231218
4491646.544291 434188.536246 776.940000 1639.718140 16.000000 62169300.000000 0.240548
4491646.544291 434218.536246 806.940000 1641.873291 16.000000 62150400.000000 0.249881
4491616.544291 434248.536246 849.360000 1644.810059 32.000000 62085600.000000 0.263080
4491616.544291 434278.536246 879.360000 1646.921875 16.000000 62049600.000000 0.272418
4491616.544291 434308.536246 909.360000 1649.296143 16.000000 62030700.000000 0.281759
4491586.544291 434338.536246 951.780000 1651.905884 32.000000 61975800.000000 0.294969
4491586.544291 434368.536246 981.780000 1653.952393 16.000000 61939800.000000 0.304315
4491556.544291 434398.536246 1024.200000 1656.079590 32.000000 61909200.000000 0.317533
4491526.544291 434428.536246 1066.620000 1658.351807 32.000000 61888500.000000 0.330755
4491526.544291 434458.536246 1096.620000 1659.616089 16.000000 61853400.000000 0.340107
4491496.544291 434488.536246 1139.040000 1661.705566 32.000000 61839000.000000 0.353334
4491496.544291 434518.536246 1169.040000 1663.108398 16.000000 61805700.000000 0.362689
4491466.544291 434548.536246 1211.460000 1665.387939 32.000000 61789500.000000 0.375920
4491466.544291 434578.536246 1241.460000 1666.819214 16.000000 61757100.000000 0.385279
4491466.544291 434608.536246 1271.460000 1668.648071 16.000000 61723800.000000 0.394640
4491436.544291 434638.536246 1313.880000 1670.868164 32.000000 61677900.000000 0.407879
4491436.544291 434668.536246 1343.880000 1672.469971 16.000000 61660800.000000 0.417245
4491436.544291 434698.536246 1373.880000 1674.206543 16.000000 61643700.000000 0.426612
4491436.544291 434728.536246 1403.880000 1675.978271 16.000000 61609500.000000 0.435981
4491436.544291 434758.536246 1433.880000 1677.721802 16.000000 61578000.000000 0.445352
4491436.544291 434788.536246 1463.880000 1679.416992 16.000000 61545600.000000 0.454725
4491436.544291 434818.536246 1493.880000 1681.085449 16.000000 61511400.000000 0.464100
4491436.544291 434848.536246 1523.880000 1682.788940 16.000000 61476300.000000 0.473478
4491436.544291 434878.536246 1553.880000 1684.609253 16.000000 61436700.000000 0.482858
4491406.544291 434908.536246 1596.300000 1687.288940 32.000000 61254900.000000 0.496125
4491406.544291 434938.536246 1626.300000 1689.259644 16.000000 61236900.000000 0.505520
4491406.544291 434968.536246 1656.300000 1691.327026 16.000000 61218000.000000 0.514917
4491406.544291 434998.536246 1686.300000 1693.390503 16.000000 61199100.000000 0.524314
4491406.544291 435028.536246 1716.300000 1695.333862 16.000000 61180200.000000 0.533713
4491406.544291 435058.536246 1746.300000 1697.071655 16.000000 61160400.000000 0.543114
4491406.544291 435088.536246 1776.300000 1698.588623 16.000000 61140600.000000 0.552516
4491406.544291 435118.536246 1806.300000 1699.943848 16.000000 61093800.000000 0.561919
4491406.544291 435148.536246 1836.300000 1701.245117 16.000000 61046100.000000 0.571325
4491406.544291 435178.536246 1866.300000 1702.603760 16.000000 60998400.000000 0.580735
4491406.544291 435208.536246 1896.300000 1704.090942 16.000000 60930000.000000 0.590148
4491406.544291 435238.536246 1926.300000 1705.713501 16.000000 60740100.000000 0.599566
4491406.544291 435268.536246 1956.300000 1707.424194 16.000000 60717600.000000 0.608997
4491406.544291 435298.536246 1986.300000 1709.152100 16.000000 60695100.000000 0.618429
4491406.544291 435328.536246 2016.300000 1710.843750 16.000000 60693300.000000 0.627863
4491406.544291 435358.536246 2046.300000 1712.490967 16.000000 60670800.000000 0.637298
4491406.544291 435388.536246 2076.300000 1714.125488 16.000000 60645600.000000 0.646733
4491406.544291 435418.536246 2106.300000 1715.797363 16.000000 60571800.000000 0.656171
4491376.544291 435448.536246 2148.720000 1717.954590 32.000000 60426900.000000 0.669523
4491376.544291 435478.536246 2178.720000 1719.350586 16.000000 60404400.000000 0.678976
4491376.544291 435508.536246 2208.720000 1720.800049 16.000000 60381000.000000 0.688431
4491376.544291 435538.536246 2238.720000 1722.299194 16.000000 60357600.000000 0.697887
4491376.544291 435568.536246 2268.720000 1723.875977 16.000000 60334200.000000 0.707345
4491376.544291 435598.536246 2298.720000 1725.598145 16.000000 60280200.000000 0.716804
4491376.544291 435628.536246 2328.720000 1727.545776 16.000000 60202800.000000 0.726267
4491406.544291 435658.536246 2371.140000 1730.432251 8.000000 59997600.000000 0.739656
4491406.544291 435688.536246 2401.140000 1732.605591 16.000000 59967900.000000 0.749140
4491406.544291 435718.536246 2431.140000 1734.870605 16.000000 59938200.000000 0.758625
4491406.544291 435748.536246 2461.140000 1737.187012 16.000000 59880600.000000 0.768113
4491406.544291 435778.536246 2491.140000 1739.565186 16.000000 59850900.000000 0.777604
4491406.544291 435808.536246 2521.140000 1742.070068 16.000000 59821200.000000 0.787098
4491436.544291 435838.536246 2563.560000 1745.109497 8.000000 59726700.000000 0.800525
4491436.544291 435868.536246 2593.560000 1747.529419 16.000000 59669100.000000 0.810028
4491436.544291 435898.536246 2623.560000 1750.218018 16.000000 59639400.000000 0.819535
4491436.544291 435928.536246 2653.560000 1753.094849 16.000000 59608800.000000 0.829044
4491436.544291 435958.536246 2683.560000 1756.045898 16.000000 59578200.000000 0.838555
4491436.544291 435988.536246 2713.560000 1758.966431 16.000000 59429700.000000 0.848068
4491436.544291 436018.536246 2743.560000 1761.800415 16.000000 59400000.000000 0.857592
4491436.544291 436048.536246 2773.560000 1764.538696 16.000000 59370300.000000 0.867118
4491436.544291 436078.536246 2803.560000 1767.196899 16.000000 59339700.000000 0.876646
4491436.544291 436108.536246 2833.560000 1769.781128 16.000000 59279400.000000 0.886177
4491436.544291 436138.536246 2863.560000 1772.273804 16.000000 59219100.000000 0.895712
4491436.544291 436168.536246 2893.560000 1774.641113 16.000000 59186700.000000 0.905251
4491436.544291 436198.536246 2923.560000 1776.850464 16.000000 59125500.000000 0.914793
4491436.544291 436228.536246 2953.560000 1778.900513 16.000000 58532400.000000 0.924339
4491436.544291 436258.536246 2983.560000 1780.832397 16.000000 58500900.000000 0.933928
4491436.544291 436288.536246 3013.560000 1782.720093 16.000000 58469400.000000 0.943520
4491436.544291 436318.536246 3043.560000 1784.650269 16.000000 58437900.000000 0.953114
4491436.544291 436348.536246 3073.560000 1786.690186 16.000000 58405500.000000 0.962710
4491436.544291 436378.536246 3103.560000 1788.866333 16.000000 58373100.000000 0.972309
4491436.544291 436408.536246 3133.560000 1791.151367 16.000000 58340700.000000 0.981910
4491436.544291 436438.536246 3163.560000 1793.486450 16.000000 58307400.000000 0.991514
4491436.544291 436468.536246 3193.560000 1795.814819 16.000000 58274100.000000 1.001120
4491436.544291 436498.536246 3223.560000 1798.119629 16.000000 58239900.000000 1.010729
4491436.544291 436528.536246 3253.560000 1800.447388 16.000000 58205700.000000 1.020340
4491436.544291 436558.536246 3283.560000 1802.899414 16.000000 58137300.000000 1.029953
4491436.544291 436588.536246 3313.560000 1805.598267 16.000000 58101300.000000 1.039572
4491466.544291 436618.536246 3355.980000 1809.417603 8.000000 57968100.000000 1.053177
4491466.544291 436648.536246 3385.980000 1812.021606 16.000000 57932100.000000 1.062808
4491466.544291 436678.536246 3415.980000 1814.945679 16.000000 57859200.000000 1.072442
4491466.544291 436708.536246 3445.980000 1818.114990 16.000000 57820500.000000 1.082081
4491466.544291 436738.536246 3475.980000 1821.437378 16.000000 57490200.000000 1.091724
4491466.544291 436768.536246 3505.980000 1824.839233 16.000000 57237300.000000 1.101391
4491466.544291 436798.536246 3535.980000 1828.280884 16.000000 57204900.000000 1.111078
4491466.544291 436828.536246 3565.980000 1831.746948 16.000000 57181500.000000 1.120766
4491436.544291 436858.536246 3608.400000 1836.265869 32.000000 56996100.000000 1.134469
4491436.544291 436888.536246 3638.400000 1839.115112 16.000000 56979900.000000 1.144174
4491436.544291 436918.536246 3668.400000 1841.885254 16.000000 56958300.000000 1.153880
4491436.544291 436948.536246 3698.400000 1844.642456 16.000000 56924100.000000 1.163588
4491406.544291 436978.536246 3740.820000 1847.982422 32.000000 56822400.000000 1.177319
4491406.544291 437008.536246 3770.820000 1850.400146 16.000000 56805300.000000 1.187037
4491406.544291 437038.536246 3800.820000 1853.035889 16.000000 56787300.000000 1.196756
4491406.544291 437068.536246 3830.820000 1855.827148 16.000000 56767500.000000 1.206477
4491406.544291 437098.536246 3860.820000 1858.651489 16.000000 56723400.000000 1.216200
4491406.544291 437128.536246 3890.820000 1861.362671 16.000000 56678400.000000 1.225926
4491406.544291 437158.536246 3920.820000 1863.831787 16.000000 56587500.000000 1.235655
4491406.544291 437188.536246 3950.820000 1865.994385 16.000000 56520900.000000 1.245391
4491406.544291 437218.536246 3980.820000 1867.873291 16.000000 56454300.000000 1.255133
4491406.544291 437248.536246 4010.820000 1869.576538 16.000000 56384100.000000 1.264880
4491406.544291 437278.536246 4040.820000 1871.260864 16.000000 55770300.000000 1.274632
4491406.544291 437308.536246 4070.820000 1873.082886 16.000000 55656000.000000 1.284432
4491406.544291 437338.536246 4100.820000 1875.154663 16.000000 55618200.000000 1.294241
4491406.544291 437368.536246 4130.820000 1877.521973 16.000000 55494000.000000 1.304054
4491406.544291 437398.536246 4160.820000 1880.159058 16.000000 55441800.000000 1.313876
4491406.544291 437428.536246 4190.820000 1882.986084 16.000000 55421100.000000 1.323702
4491376.544291 437458.536246 4233.240000 1886.707520 32.000000 55359900.000000 1.337599
4491376.544291 437488.536246 4263.240000 1889.157959 16.000000 55341000.000000 1.347432
4491376.544291 437518.536246 4293.240000 1891.425415 16.000000 55317600.000000 1.357267
4491376.544291 437548.536246 4323.240000 1893.463257 16.000000 55315800.000000 1.367103
4491376.544291 437578.536246 4353.240000 1895.277466 16.000000 55263600.000000 1.376939
4491376.544291 437608.536246 4383.240000 1896.928711 16.000000 53786700.000000 1.386780
4491376.544291 437638.536246 4413.240000 1898.525024 16.000000 53697600.000000 1.396741
4491376.544291 437668.536246 4443.240000 1900.187744 16.000000 53656200.000000 1.406710
4491376.544291 437698.536246 4473.240000 1902.015747 16.000000 53616600.000000 1.416682
4491376.544291 437728.536246 4503.240000 1904.058228 16.000000 53575200.000000 1.426658
4491376.544291 437758.536246 4533.240000 1906.316772 16.000000 52561800.000000 1.436637
4491376.544291 437788.536246 4563.240000 1908.765869 16.000000 52546500.000000 1.446702
4491376.544291 437818.536246 4593.240000 1911.387695 16.000000 52529400.000000 1.456769
4491376.544291 437848.536246 4623.240000 1914.185913 16.000000 52511400.000000 1.466836
4491376.544291 437878.536246 4653.240000 1917.175659 16.000000 52492500.000000 1.476906
4491376.544291 437908.536246 4683.240000 1920.358887 16.000000 52472700.000000 1.486977
4491376.544291 437938.536246 4713.240000 1923.694580 16.000000 52449300.000000 1.497050
4491376.544291 437968.536246 4743.240000 1927.096191 16.000000 52428600.000000 1.507125
4491376.544291 437998.536246 4773.240000 1930.449341 16.000000 52407000.000000 1.517201
4491376.544291 438028.536246 4803.240000 1933.646484 16.000000 52384500.000000 1.527280
4491376.544291 438058.536246 4833.240000 1936.621826 16.000000 52360200.000000 1.537360
4491376.544291 438088.536246 4863.240000 1939.357300 16.000000 52335000.000000 1.547443
4491376.544291 438118.536246 4893.240000 1941.871948 16.000000 52308900.000000 1.557528
4491376.544291 438148.536246 4923.240000 1944.205444 16.000000 52281900.000000 1.567615
4491376.544291 438178.536246 4953.240000 1946.405518 16.000000 52253100.000000 1.577704
4491376.544291 438208.536246 4983.240000 1948.516479 16.000000 52223400.000000 1.587796
4491376.544291 438238.536246 5013.240000 1950.580933 16.000000 52192800.000000 1.597890
4491346.544291 438268.536246 5055.660000 1953.183350 32.000000 52088400.000000 1.612168
4491346.544291 438298.536246 5085.660000 1954.866211 16.000000 52056900.000000 1.622274
4491346.544291 438328.536246 5115.660000 1956.581543 16.000000 52024500.000000 1.632383
4491346.544291 438358.536246 5145.660000 1958.303589 16.000000 51991200.000000 1.642494
4491346.544291 438388.536246 5175.660000 1959.975220 16.000000 51956100.000000 1.652609
4491346.544291 438418.536246 5205.660000 1961.526611 16.000000 51918300.000000 1.662727
4491346.544291 438448.536246 5235.660000 1962.891968 16.000000 51836400.000000 1.672848
4491346.544291 438478.536246 5265.660000 1964.036865 16.000000 51794100.000000 1.682976
4491346.544291 438508.536246 5295.660000 1964.967773 16.000000 51717600.000000 1.693108
4491346.544291 438538.536246 5325.660000 1965.736694 16.000000 50160600.000000 1.703247
4491346.544291 438568.536246 5355.660000 1966.432739 16.000000 50103900.000000 1.713526
4491346.544291 438598.536246 5385.660000 1967.169067 16.000000 49931100.000000 1.723811
4491346.544291 438628.536246 5415.660000 1968.064819 16.000000 49782600.000000 1.734111
4491346.544291 438658.536246 5445.660000 1969.227905 16.000000 49758300.000000 1.744425
4491346.544291 438688.536246 5475.660000 1970.738892 16.000000 49720500.000000 1.754742
4491316.544291 438718.536246 5518.080000 1973.301758 32.000000 49609800.000000 1.769334
4491316.544291 438748.536246 5548.080000 1975.381836 16.000000 49576500.000000 1.779665
4491316.544291 438778.536246 5578.080000 1977.798950 16.000000 49533300.000000 1.789998
4491286.544291 438808.536246 5620.500000 1981.496582 32.000000 49418100.000000 1.804615
4491286.544291 438838.536246 5650.500000 1984.011597 16.000000 49387500.000000 1.814964
4491286.544291 438868.536246 5680.500000 1986.635864 16.000000 49362300.000000 1.825315
4491256.544291 438898.536246 5722.920000 1990.087891 32.000000 49231800.000000 1.839955
4491256.544291 438928.536246 5752.920000 1992.329468 16.000000 49193100.000000 1.850321
4491256.544291 438958.536246 5782.920000 1994.614258 16.000000 49167000.000000 1.860691
4491256.544291 438988.536246 5812.920000 1996.967163 16.000000 42732000.000000 1.871063
4491256.544291 439018.536246 5842.920000 1999.423828 16.000000 42731100.000000 1.882111
4491256.544291 439048.536246 5872.920000 2002.018066 16.000000 42730200.000000 1.893159
4491256.544291 439078.536246 5902.920000 2004.774780 16.000000 42729300.000000 1.904207
4491256.544291 439108.536246 5932.920000 2007.713501 16.000000 42681600.000000 1.915255
4491256.544291 439138.536246 5962.920000 2010.869873 16.000000 42645600.000000 1.926309
4491256.544291 439168.536246 5992.920000 2014.298340 16.000000 42608700.000000 1.937367
4491256.544291 439198.536246 6022.920000 2018.071411 16.000000 42602400.000000 1.948430
4491256.544291 439228.536246 6052.920000 2022.249146 16.000000 42564600.000000 1.959493
4491256.544291 439258.536246 6082.920000 2026.832397 16.000000 41770800.000000 1.970560
4491256.544291 439288.536246 6112.920000 2031.734009 16.000000 41769900.000000 1.981722
4491256.544291 439318.536246 6142.920000 2036.771484 16.000000 41769000.000000 1.992884
4491256.544291 439348.536246 6172.920000 2041.704224 16.000000 41768100.000000 2.004045
4491256.544291 439378.536246 6202.920000 2046.308472 16.000000 41767200.000000 2.015207
4491256.544291 439408.536246 6232.920000 2050.448242 16.000000 41766300.000000 2.026369
4491256.544291 439438.536246 6262.920000 2054.118896 16.000000 41765400.000000 2.037532
4491256.544291 439468.536246 6292.920000 2057.437256 16.000000 41764500.000000 2.048694
4491256.544291 439498.536246 6322.920000 2060.586426 16.000000 41763600.000000 2.059856
4491256.544291 439528.536246 6352.920000 2063.748291 16.000000 41759100.000000 2.071019
4491256.544291 439558.536246 6382.920000 2067.041992 16.000000 41735700.000000 2.082182
4491256.544291 439588.536246 6412.920000 2070.506592 16.000000 41706000.000000 2.093348
4491226.544291 439618.536246 6455.340000 2075.459229 32.000000 41615100.000000 2.109141
4491226.544291 439648.536246 6485.340000 2079.012695 16.000000 41580900.000000 2.120322
4491226.544291 439678.536246 6515.340000 2082.566162 16.000000 41560200.000000 2.131506
4491226.544291 439708.536246 6545.340000 2086.050537 16.000000 41540400.000000 2.142694
4491226.544291 439738.536246 6575.340000 2089.408691 16.000000 41518800.000000 2.153883
4491226.544291 439768.536246 6605.340000 2092.609619 16.000000 41496300.000000 2.165075
4491226.544291 439798.536246 6635.340000 2095.668213 16.000000 41472900.000000 2.176270
4491226.544291 439828.536246 6665.340000 2098.633057 16.000000 41437800.000000 2.187468
4491226.544291 439858.536246 6695.340000 2101.572998 16.000000 38833200.000000 2.198669
4491226.544291 439888.536246 6725.340000 2104.542480 16.000000 38832300.000000 2.210203
4491226.544291 439918.536246 6755.340000 2107.555176 16.000000 38831400.000000 2.221738
4491226.544291 439948.536246 6785.340000 2110.583740 16.000000 38593800.000000 2.233272
4491226.544291 439978.536246 6815.340000 2113.588135 16.000000 38545200.000000 2.244838
4491226.544291 440008.536246 6845.340000 2116.553711 16.000000 38497500.000000 2.256411
4491226.544291 440038.536246 6875.340000 2119.502197 16.000000 38395800.000000 2.267990
4491226.544291 440068.536246 6905.340000 2122.480713 16.000000 38303100.000000 2.279583
4491226.544291 440098.536246 6935.340000 2125.527832 16.000000 38269800.000000 2.291188
4491226.544291 440128.536246 6965.340000 2128.649414 16.000000 38250000.000000 2.302798
4491226.544291 440158.536246 6995.340000 2131.816162 16.000000 38231100.000000 2.314411
4491256.544291 440188.536246 7037.760000 2136.204590 8.000000 38186100.000000 2.330835
4491256.544291 440218.536246 7067.760000 2139.222412 16.000000 38164500.000000 2.342457
4491256.544291 440248.536246 7097.760000 2142.388184 16.000000 38136600.000000 2.354081
4491256.544291 440278.536246 7127.760000 2145.812256 16.000000 38128500.000000 2.365710
4491286.544291 440308.536246 7170.180000 2151.037354 8.000000 34360200.000000 2.382154
4491286.544291 440338.536246 7200.180000 2155.029541 16.000000 34314300.000000 2.394341
4491286.544291 440368.536246 7230.180000 2159.291504 16.000000 33012900.000000 2.406535
4491286.544291 440398.536246 7260.180000 2163.676514 16.000000 33006600.000000 2.418943
4491316.544291 440428.536246 7302.600000 2169.642090 8.000000 32926500.000000 2.436490
4491316.544291 440458.536246 7332.600000 2173.592529 16.000000 32820300.000000 2.448913
4491316.544291 440488.536246 7362.600000 2177.208008 16.000000 32815800.000000 2.461354
4491316.544291 440518.536246 7392.600000 2180.411377 16.000000 32785200.000000 2.473796
4491316.544291 440548.536246 7422.600000 2183.172119 16.000000 32781600.000000 2.486243
4491316.544291 440578.536246 7452.600000 2185.511475 16.000000 32754600.000000 2.498691
4491316.544291 440608.536246 7482.600000 2187.512451 16.000000 32751900.000000 2.511143
4491316.544291 440638.536246 7512.600000 2189.332764 16.000000 32716800.000000 2.523596
4491346.544291 440668.536246 7555.020000 2191.444824 8.000000 32666400.000000 2.541213
4491346.544291 440698.536246 7585.020000 2192.861816 16.000000 32631300.000000 2.553680
4491376.544291 440728.536246 7627.440000 2194.725098 8.000000 32599800.000000 2.571317
4491406.544291 440758.536246 7669.860000 2196.847900 8.000000 32543100.000000 2.588962
4491406.544291 440788.536246 7699.860000 2198.304199 16.000000 32426100.000000 2.601451
4491436.544291 440818.536246 7742.280000 2200.626953 8.000000 32381100.000000 2.619139
4491466.544291 440848.536246 7784.700000 2203.312012 8.000000 32343300.000000 2.636837
4491466.544291 440878.536246 7814.700000 2205.367188 16.000000 32279400.000000 2.649361
4491496.544291 440908.536246 7857.120000 2208.579834 8.000000 32238900.000000 2.667084
4491496.544291 440938.536246 7887.120000 2211.343262 16.000000 32167800.000000 2.679626
4491526.544291 440968.536246 7929.540000 2215.294189 8.000000 32130000.000000 2.697377
4491526.544291 440998.536246 7959.540000 2218.434082 16.000000 32098500.000000 2.709938
4491556.544291 441028.536246 8001.960000 2222.957275 8.000000 32056200.000000 2.727706
4491556.544291 441058.536246 8031.960000 2225.988525 16.000000 31972500.000000 2.740280
4491556.544291 441088.536246 8061.960000 2229.183350 16.000000 31888800.000000 2.752868
4491586.544291 441118.536246 8104.380000 2233.575439 8.000000 31848300.000000 2.770689
4491586.544291 441148.536246 8134.380000 2236.442383 16.000000 31801500.000000 2.783300
4491586.544291 441178.536246 8164.380000 2239.445312 16.000000 31730400.000000 2.795919
4491586.544291 441208.536246 8194.380000 2242.591553 16.000000 31663800.000000 2.808550
4491616.544291 441238.536246 8236.800000 2246.599365 8.000000 31627800.000000 2.826428
4491616.544291 441268.536246 8266.800000 2249.579834 16.000000 31571100.000000 2.839078
4491646.544291 441298.536246 8309.220000 2253.858398 8.000000 25068600.000000 2.856980
4491646.544291 441328.536246 8339.220000 2256.706543 16.000000 25040700.000000 2.871025
4491646.544291 441358.536246 8369.220000 2259.668213 16.000000 24994800.000000 2.885076
4491646.544291 441388.536246 8399.220000 2262.706055 16.000000 24975000.000000 2.899140
4491646.544291 441418.536246 8429.220000 2265.787842 16.000000 24954300.000000 2.913208
4491676.544291 441448.536246 8471.640000 2269.935303 8.000000 24929100.000000 2.933108
4491676.544291 441478.536246 8501.640000 2272.925293 16.000000 24905700.000000 2.947188
4491676.544291 441508.536246 8531.640000 2275.988281 16.000000 24619500.000000 2.961274
4491676.544291 441538.536246 8561.640000 2279.142090 16.000000 24572700.000000 2.975434
4491676.544291 441568.536246 8591.640000 2282.427490 16.000000 24525900.000000 2.989605
4491676.544291 441598.536246 8621.640000 2285.906982 16.000000 24479100.000000 3.003789
4491676.544291 441628.536246 8651.640000 2289.640381 16.000000 24390000.000000 3.017985
4491706.544291 441658.536246 8694.060000 2294.604004 8.000000 24380100.000000 3.038091
4491706.544291 441688.536246 8724.060000 2298.214355 16.000000 24334200.000000 3.052313
4491736.544291 441718.536246 8766.480000 2302.673340 8.000000 24303600.000000 3.072439
4491736.544291 441748.536246 8796.480000 2305.491211 16.000000 24258600.000000 3.086681
4491736.544291 441778.536246 8826.480000 2308.052246 16.000000 24213600.000000 3.100935
4491736.544291 441808.536246 8856.480000 2310.268066 16.000000 23948100.000000 3.115201
4491736.544291 441838.536246 8886.480000 2312.127930 16.000000 23947200.000000 3.129537
4491736.544291 441868.536246 8916.480000 2313.696777 16.000000 23915700.000000 3.143874
4491736.544291 441898.536246 8946.480000 2315.079590 16.000000 23900400.000000 3.158220
4491706.544291 441928.536246 8988.900000 2316.798584 32.000000 23714100.000000 3.178510
4491706.544291 441958.536246 9018.900000 2317.884521 16.000000 23698800.000000 3.192910
4491706.544291 441988.536246 9048.900000 2318.950928 16.000000 23682600.000000 3.207315
4491706.544291 442018.536246 9078.900000 2319.967285 16.000000 23665500.000000 3.221724
4491706.544291 442048.536246 9108.900000 2320.890869 16.000000 23643900.000000 3.236137
4491706.544291 442078.536246 9138.900000 2321.704346 16.000000 23625900.000000 3.250556
4491706.544291 442108.536246 9168.900000 2322.433350 16.000000 23589900.000000 3.264981
4491706.544291 442138.536246 9198.900000 2323.148682 16.000000 22867200.000000 3.279415
4491706.544291 442168.536246 9228.900000 2323.938477 16.000000 22820400.000000 3.294053
4491736.544291 442198.536246 9271.320000 2325.219971 8.000000 22669200.000000 3.314770
4491736.544291 442228.536246 9301.320000 2326.273682 16.000000 22290300.000000 3.329465
4491736.544291 442258.536246 9331.320000 2327.560547 16.000000 22240800.000000 3.344272
4491766.544291 442288.536246 9373.740000 2329.821289 8.000000 22197600.000000 3.365230
4491766.544291 442318.536246 9403.740000 2331.513672 16.000000 22190400.000000 3.380065
4491766.544291 442348.536246 9433.740000 2333.594482 16.000000 22184100.000000 3.394902
4491796.544291 442378.536246 9476.160000 2336.755127 8.000000 22158900.000000 3.415884
4491796.544291 442408.536246 9506.160000 2339.263672 16.000000 22111200.000000 3.430731
4491826.544291 442438.536246 9548.580000 2342.874023 8.000000 22095900.000000 3.451744
4491826.544291 442468.536246 9578.580000 2345.351074 16.000000 22092300.000000 3.466610
4491826.544291 442498.536246 9608.580000 2347.812256 16.000000 22045500.000000 3.481476
4491856.544291 442528.536246 9651.000000 2350.932373 8.000000 22011300.000000 3.502518
4491856.544291 442558.536246 9681.000000 2352.797607 16.000000 21965400.000000 3.517409
4491856.544291 442588.536246 9711.000000 2354.578125 16.000000 21919500.000000 3.532314
4491856.544291 442618.536246 9741.000000 2356.322021 16.000000 21873600.000000 3.547234
4491886.544291 442648.536246 9783.420000 2358.406738 8.000000 21744000.000000 3.568349
4491886.544291 442678.536246 9813.420000 2359.686768 16.000000 21699000.000000 3.583323
4491886.544291 442708.536246 9843.420000 2361.108887 16.000000 21568500.000000 3.598310
4491916.544291 442738.536246 9885.840000 2362.984619 8.000000 21492900.000000 3.619560
4491916.544291 442768.536246 9915.840000 2364.477539 16.000000 21407400.000000 3.634611
4491946.544291 442798.536246 9958.260000 2366.312500 8.000000 21365100.000000 3.655933
4491976.544291 442828.536246 10000.680000 2367.864502 8.000000 21355200.000000 3.677273
4492006.544291 442858.536246 10043.100000 2368.997803 8.000000 21317400.000000 3.698618
4492036.544291 442888.536246 10085.520000 2370.081787 8.000000 20995200.000000 3.719980
4492036.544291 442918.536246 10115.520000 2370.769531 16.000000 20797200.000000 3.735191
4492066.544291 442948.536246 10157.940000 2372.718750 8.000000 20767500.000000 3.756792
4492066.544291 442978.536246 10187.940000 2374.417969 16.000000 20747700.000000 3.772078
4492066.544291 443008.536246 10217.940000 2376.861328 16.000000 20741400.000000 3.787371
4492066.544291 443038.536246 10247.940000 2379.953613 16.000000 20520000.000000 3.802666
4492096.544291 443068.536246 10290.360000 2384.944824 8.000000 20288700.000000 3.824397
4492096.544291 443098.536246 10320.360000 2388.655762 16.000000 20284200.000000 3.839845
4492096.544291 443128.536246 10350.360000 2392.374268 16.000000 20242800.000000 3.855294
4492096.544291 443158.536246 10380.360000 2395.923584 16.000000 20201400.000000 3.870757
4492096.544291 443188.536246 10410.360000 2399.203857 16.000000 20197800.000000 3.886235
4492096.544291 443218.536246 10440.360000 2402.171875 16.000000 20155500.000000 3.901713
4492096.544291 443248.536246 10470.360000 2404.819336 16.000000 20152800.000000 3.917207
4492096.544291 443278.536246 10500.360000 2407.146729 16.000000 20110500.000000 3.932701
4492096.544291 443308.536246 10530.360000 2409.151367 16.000000 20067300.000000 3.948210
4492096.544291 443338.536246 10560.360000 2410.830322 16.000000 20023200.000000 3.963734
4492096.544291 443368.536246 10590.360000 2412.186523 16.000000 20021400.000000 3.979273
4492096.544291 443398.536246 10620.360000 2413.230713 16.000000 19975500.000000 3.994813
4492096.544291 443428.536246 10650.360000 2413.992188 16.000000 19893600.000000 4.010369
4492096.544291 443458.536246 10680.360000 2414.510986 16.000000 19848600.000000 4.025954
4492126.544291 443548.536246 10782.780000 2414.708984 16.000000 19722600.000000 4.079214
4492126.544291 443578.536246 10812.780000 2414.966797 16.000000 19670400.000000 4.094860
4492156.544291 443608.536246 10855.200000 2416.040039 8.000000 15869700.000000 4.117009
4492156.544291 443638.536246 10885.200000 2417.364014 16.000000 15650100.000000 4.134262
4492186.544291 443668.536246 10927.620000 2420.540283 8.000000 15636600.000000 4.158811
4492186.544291 443698.536246 10957.620000 2423.362305 16.000000 15602400.000000 4.176179
4492216.544291 443728.536246 11000.040000 2427.825684 8.000000 15579000.000000 4.200762
4492216.544291 443758.536246 11030.040000 2431.088867 16.000000 15546600.000000 4.218159
4492246.544291 443788.536246 11072.460000 2435.135254 8.000000 15538500.000000 4.242782
4492246.544291 443818.536246 11102.460000 2437.304443 16.000000 15536700.000000 4.260200
4492246.544291 443848.536246 11132.460000 2438.980713 16.000000 15500700.000000 4.277618
4492246.544291 443878.536246 11162.460000 2440.168701 16.000000 15470100.000000 4.295055
4492246.544291 443908.536246 11192.460000 2441.008789 16.000000 15437700.000000 4.312507
4492246.544291 443938.536246 11222.460000 2441.719971 16.000000 15408900.000000 4.329975
4492276.544291 443968.536246 11264.880000 2442.761230 8.000000 15253200.000000 4.354697
4492276.544291 443998.536246 11294.880000 2443.766846 16.000000 15226200.000000 4.372260
4492276.544291 444028.536246 11324.880000 2445.182373 16.000000 15175800.000000 4.389838
4492276.544291 444058.536246 11354.880000 2447.020752 16.000000 15115500.000000 4.407441
4492276.544291 444088.536246 11384.880000 2449.240723 16.000000 15072300.000000 4.425077
4492276.544291 444118.536246 11414.880000 2451.764648 16.000000 15050700.000000 4.442735
4492276.544291 444148.536246 11444.880000 2454.491699 16.000000 15030900.000000 4.460404
4492306.544291 444178.536246 11487.300000 2458.113281 8.000000 14846400.000000 4.485403
4492306.544291 444208.536246 11517.300000 2460.520020 16.000000 14819400.000000 4.503182
4492306.544291 444238.536246 11547.300000 2462.909668 16.000000 14805900.000000 4.520974
4492336.544291 444268.536246 11589.720000 2466.085938 8.000000 14733000.000000 4.546144
4492336.544291 444298.536246 11619.720000 2468.014404 16.000000 14704200.000000 4.563984
4492366.544291 444328.536246 11662.140000 2470.701660 8.000000 14633100.000000 4.589232
4492366.544291 444358.536246 11692.140000 2472.344238 16.000000 14508000.000000 4.607126
4492396.544291 444388.536246 11734.560000 2474.271973 8.000000 14452200.000000 4.632527
4492426.544291 444418.536246 11776.980000 2475.949707 8.000000 14310900.000000 4.657972
4492456.544291 444448.536246 11819.400000 2477.737793 8.000000 14263200.000000 4.683529
4492456.544291 444478.536246 11849.400000 2479.108643 16.000000 14175900.000000 4.701631
4492486.544291 444508.536246 11891.820000 2481.713623 8.000000 14147100.000000 4.727298
4492486.544291 444538.536246 11921.820000 2484.032227 16.000000 14139000.000000 4.745467
4492516.544291 444568.536246 11964.240000 2487.616455 8.000000 14123700.000000 4.771164
4492516.544291 444598.536246 11994.240000 2490.524414 16.000000 14115600.000000 4.789346
4492546.544291 444628.536246 12036.660000 2493.917480 8.000000 14091300.000000 4.815062
4492576.544291 444658.536246 12079.080000 2496.806396 8.000000 14062500.000000 4.840798
4492576.544291 444688.536246 12109.080000 2498.180420 16.000000 13817700.000000 4.859016
4492606.544291 444718.536246 12151.500000 2499.449707 8.000000 12543300.000000 4.884980
4492636.544291 444748.536246 12193.920000 2500.624023 8.000000 12025800.000000 4.912100
4492666.544291 444778.536246 12236.340000 2502.453125 8.000000 11929500.000000 4.939738
4492696.544291 444778.536246 12266.340000 2504.497559 4.000000 11909700.000000 4.959356
4492726.544291 444808.536246 12308.760000 2508.280273 8.000000 11859300.000000 4.987116
4492756.544291 444808.536246 12338.760000 2511.556885 4.000000 11854800.000000 5.006785
4492786.544291 444808.536246 12368.760000 2515.312256 4.000000 11830500.000000 5.026458
4492816.544291 444808.536246 12398.760000 2519.442627 4.000000 11818800.000000 5.046149
4492846.544291 444838.536246 12441.180000 2525.312744 8.000000 11752200.000000 5.074005
4492876.544291 444838.536246 12471.180000 2529.684326 4.000000 11737800.000000 5.093755
4492906.544291 444868.536246 12513.600000 2536.166260 8.000000 11692800.000000 5.121697
4492936.544291 444868.536246 12543.600000 2540.500488 4.000000 11681100.000000 5.141492
4492966.544291 444868.536246 12573.600000 2545.083008 4.000000 11652300.000000 5.161296
4492996.544291 444898.536246 12616.020000 2550.468994 8.000000 11610000.000000 5.189330
4493026.544291 444928.536246 12658.440000 2555.291992 8.000000 11328300.000000 5.217410
4493056.544291 444958.536246 12700.860000 2559.363037 8.000000 11224800.000000 5.245802
4493086.544291 444988.536246 12743.280000 2562.813965 8.000000 11223900.000000 5.274311
4493116.544291 445018.536246 12785.700000 2566.084961 8.000000 11223000.000000 5.302822
4493116.544291 445048.536246 12815.700000 2568.462402 16.000000 11188800.000000 5.322986
4493146.544291 445078.536246 12858.120000 2571.822998 8.000000 11165400.000000 5.351537
4493146.544291 445108.536246 12888.120000 2574.317139 16.000000 11150100.000000 5.371747
4493176.544291 445138.536246 12930.540000 2577.244385 8.000000 11126700.000000 5.400342
4493176.544291 445168.536246 12960.540000 2579.070068 16.000000 11084400.000000 5.420585
4493206.544291 445198.536246 13002.960000 2581.257568 8.000000 11071800.000000 5.449256
4493206.544291 445228.536246 13032.960000 2582.397705 16.000000 11052000.000000 5.469543
4493206.544291 445258.536246 13062.960000 2583.718018 16.000000 11032200.000000 5.489847
4493206.544291 445288.536246 13092.960000 2585.282227 16.000000 10989900.000000 5.510167
4493236.544291 445318.536246 13135.380000 2587.528076 8.000000 10927800.000000 5.538949
4493236.544291 445348.536246 13165.380000 2589.376221 16.000000 10904400.000000 5.559356
4493236.544291 445378.536246 13195.380000 2591.493164 16.000000 10837800.000000 5.579783
4493236.544291 445408.536246 13225.380000 2593.783936 16.000000 10825200.000000 5.600266
4493236.544291 445438.536246 13255.380000 2596.136719 16.000000 10800900.000000 5.620760
4493236.544291 445468.536246 13285.380000 2598.435059 16.000000 10789200.000000 5.641275
4493236.544291 445498.536246 13315.380000 2600.565918 16.000000 10764000.000000 5.661799
4493236.544291 445528.536246 13345.380000 2602.421875 16.000000 10738800.000000 5.682346
4493236.544291 445558.536246 13375.380000 2603.917725 16.000000 10736100.000000 5.702914
4493236.544291 445588.536246 13405.380000 2604.995850 16.000000 10693800.000000 5.723484
4493236.544291 445768.536246 13585.380000 2605.416260 16.000000 10179000.000000 5.847125
4493236.544291 445798.536246 13615.380000 2605.442139 16.000000 10131300.000000 5.868195
4493236.544291 445828.536246 13645.380000 2605.677734 16.000000 10080900.000000 5.889309
4493236.544291 445858.536246 13675.380000 2606.133301 16.000000 10015200.000000 5.910470
4493236.544291 445888.536246 13705.380000 2606.778320 16.000000 9957600.000000 5.931694
4493266.544291 445918.536246 13747.800000 2607.802246 8.000000 8325000.000000 5.961783
4493266.544291 445948.536246 13777.800000 2608.528809 16.000000 8280900.000000 5.984847
4493266.544291 445978.536246 13807.800000 2609.244629 16.000000 8254800.000000 6.007967
4493266.544291 446008.536246 13837.800000 2609.916748 16.000000 8226900.000000 6.031120
4493266.544291 446038.536246 13867.800000 2610.562256 16.000000 8117100.000000 6.054308
4493266.544291 446068.536246 13897.800000 2611.245361 16.000000 8083800.000000 6.077637
4493266.544291 446098.536246 13927.800000 2612.047363 16.000000 8049600.000000 6.101009
4493266.544291 446128.536246 13957.800000 2613.032959 16.000000 7983000.000000 6.124425
4493266.544291 446158.536246 13987.800000 2614.216797 16.000000 7948800.000000 6.147929
4493296.544291 446188.536246 14030.220000 2615.798828 8.000000 7911900.000000 6.181229
4493296.544291 446218.536246 14060.220000 2616.856689 16.000000 7878600.000000 6.204828
4493296.544291 446248.536246 14090.220000 2617.894043 16.000000 7844400.000000 6.228472
4493326.544291 446278.536246 14132.640000 2619.131592 8.000000 7824600.000000 6.261970
4493326.544291 446308.536246 14162.640000 2619.652344 16.000000 7758900.000000 6.285687
4493326.544291 446338.536246 14192.640000 2620.270020 16.000000 7725600.000000 6.309494
4493356.544291 446368.536246 14235.060000 2620.987061 8.000000 7695900.000000 6.343223
4493356.544291 446398.536246 14265.060000 2621.463379 16.000000 7630200.000000 6.367118
4493356.544291 446428.536246 14295.060000 2622.205078 16.000000 7586100.000000 6.391105
4493386.544291 446458.536246 14337.480000 2622.857910 8.000000 7575300.000000 6.425112
4493386.544291 446488.536246 14367.480000 2623.546143 16.000000 7515000.000000 6.449177
4493416.544291 446518.536246 14409.900000 2624.717773 8.000000 7461000.000000 6.483328
4493416.544291 446548.536246 14439.900000 2625.462646 16.000000 7405200.000000 6.507558
4493416.544291 446578.536246 14469.900000 2626.491943 16.000000 7352100.000000 6.531871
4493416.544291 446608.536246 14499.900000 2627.765137 16.000000 7325100.000000 6.556262
4493416.544291 446638.536246 14529.900000 2629.215332 16.000000 6015600.000000 6.580694
4493416.544291 446668.536246 14559.900000 2630.770264 16.000000 5996700.000000 6.607390
4493416.544291 446698.536246 14589.900000 2632.382812 16.000000 5979600.000000 6.634124
4493416.544291 446728.536246 14619.900000 2634.057129 16.000000 5963400.000000 6.660892
4493416.544291 446758.536246 14649.900000 2635.838867 16.000000 5938200.000000 6.687693
4493416.544291 446788.536246 14679.900000 2637.790527 16.000000 5925600.000000 6.714545
4493416.544291 446818.536246 14709.900000 2639.942383 16.000000 5913900.000000 6.741423
4493416.544291 446848.536246 14739.900000 2642.270752 16.000000 5898600.000000 6.768324
4493416.544291 446878.536246 14769.900000 2644.707764 16.000000 5880600.000000 6.795257
4493416.544291 446908.536246 14799.900000 2647.194824 16.000000 5849100.000000 6.822227
4493386.544291 446938.536246 14842.320000 2651.335693 32.000000 4728600.000000 6.860455
4493356.544291 446968.536246 14884.740000 2656.312988 32.000000 4727700.000000 6.902522
4493326.544291 446998.536246 14927.160000 2661.660400 32.000000 4726800.000000 6.944593
4493296.544291 447028.536246 14969.580000 2667.113770 32.000000 4710600.000000 6.986667
4493266.544291 447058.536246 15012.000000 2672.687012 32.000000 4690800.000000 7.028806
4493236.544291 447088.536246 15054.420000 2678.528076 32.000000 4677300.000000 7.071025
4493206.544291 447118.536246 15096.840000 2684.705322 32.000000 4660200.000000 7.113299
4493176.544291 447148.536246 15139.260000 2691.124268 32.000000 4635000.000000 7.155643
4493146.544291 447178.536246 15181.680000 2697.652100 32.000000 4543200.000000 7.198090
4493116.544291 447178.536246 15211.680000 2702.463623 64.000000 4464900.000000 7.228381
4493086.544291 447178.536246 15241.680000 2707.658691 64.000000 4464000.000000 7.258909
4493056.544291 447178.536246 15271.680000 2713.017578 64.000000 4463100.000000 7.289440
4493026.544291 447178.536246 15301.680000 2718.375244 64.000000 4462200.000000 7.319974
4492996.544291 447178.536246 15331.680000 2723.653076 64.000000 4461300.000000 7.350511
4492966.544291 447178.536246 15361.680000 2728.836182 64.000000 4460400.000000 7.381051
4492936.544291 447178.536246 15391.680000 2733.926758 64.000000 4459500.000000 7.411593
4492906.544291 447178.536246 15421.680000 2738.897461 64.000000 4458600.000000 7.442138
4492876.544291 447178.536246 15451.680000 2743.666504 64.000000 4457700.000000 7.472686
4492846.544291 447178.536246 15481.680000 2748.108643 64.000000 4456800.000000 7.503237
4492816.544291 447178.536246 15511.680000 2752.122314 64.000000 4455900.000000 7.533791
4492786.544291 447178.536246 15541.680000 2755.669434 64.000000 4447800.000000 7.564347
4492756.544291 447178.536246 15571.680000 2758.779297 64.000000 4445100.000000 7.594928
4492726.544291 447208.536246 15614.100000 2762.315186 32.000000 4187700.000000 7.638182
4492696.544291 447208.536246 15644.100000 2764.408447 64.000000 4177800.000000 7.669604
4492666.544291 447208.536246 15674.100000 2766.312256 64.000000 4154400.000000 7.701059
4492636.544291 447208.536246 15704.100000 2768.163818 64.000000 4145400.000000 7.732594
4492606.544291 447238.536246 15746.520000 2771.073242 32.000000 2975400.000000 7.777228
4492576.544291 447268.536246 15788.940000 2774.809814 32.000000 2974500.000000 7.829046
4492546.544291 447298.536246 15831.360000 2779.146973 32.000000 2964600.000000 7.880870
4492516.544291 447328.536246 15873.780000 2783.829590 32.000000 2949300.000000 7.932772
4492486.544291 447358.536246 15916.200000 2788.519287 32.000000 2934900.000000 7.984795
4492456.544291 447388.536246 15958.620000 2792.892578 32.000000 2914200.000000 8.036933
4492426.544291 447418.536246 16001.040000 2796.783203 32.000000 2900700.000000 8.089238
4492396.544291 447448.536246 16043.460000 2800.261719 32.000000 2885400.000000 8.141651
4492366.544291 447478.536246 16085.880000 2803.550293 32.000000 2862900.000000 8.194190
4492336.544291 447508.536246 16128.300000 2806.898193 32.000000 2836800.000000 8.246914
4492306.544291 447538.536246 16170.720000 2810.520020 32.000000 2805300.000000 8.299855
4492306.544291 447568.536246 16200.720000 2813.247314 16.000000 2672100.000000 8.337485
4492276.544291 447598.536246 16243.140000 2817.461426 32.000000 2646000.000000 8.391871
4492276.544291 447628.536246 16273.140000 2820.768555 16.000000 2354400.000000 8.430504
4492246.544291 447658.536246 16315.560000 2825.387207 32.000000 2006100.000000 8.488078
4492246.544291 447688.536246 16345.560000 2828.577637 16.000000 1971900.000000 8.531836
4492246.544291 447718.536246 16375.560000 2831.572754 16.000000 1936800.000000 8.575934
