4493866.544291 433648.536246 0.000000 1722.503662 16.000000 5174100.000000 0.000000
4493866.544291 433678.536246 30.000000 1725.558228 16.000000 5172300.000000 0.028569
4493866.544291 433708.536246 60.000000 1728.711060 16.000000 5166900.000000 0.057143
4493866.544291 433738.536246 90.000000 1732.253296 16.000000 5162400.000000 0.085729
4493866.544291 433768.536246 120.000000 1736.476318 16.000000 5152500.000000 0.114328
4493896.544291 433798.536246 162.420000 1741.809204 8.000000 5148900.000000 0.154800
4493896.544291 433828.536246 192.420000 1745.670044 16.000000 5137200.000000 0.183432
4493926.544291 433858.536246 234.840000 1751.131714 8.000000 5127300.000000 0.223959
4493926.544291 433888.536246 264.840000 1755.667725 16.000000 5113800.000000 0.252645
4493926.544291 433918.536246 294.840000 1761.267456 16.000000 5104800.000000 0.281365
4493956.544291 433948.536246 337.260000 1768.900269 8.000000 5088600.000000 0.322008
4493956.544291 433978.536246 367.260000 1774.353149 16.000000 5075100.000000 0.350792
4493956.544291 434008.536246 397.260000 1780.024658 16.000000 5067000.000000 0.379610
4493956.544291 434038.536246 427.260000 1785.893066 16.000000 5044500.000000 0.408450
4493986.544291 434068.536246 469.680000 1794.294678 8.000000 5020200.000000 0.449310
4493986.544291 434098.536246 499.680000 1799.786011 16.000000 4887900.000000 0.478270
4493986.544291 434128.536246 529.680000 1806.347656 16.000000 4875300.000000 0.507580
4494016.544291 434158.536246 572.100000 1816.194214 8.000000 4862700.000000 0.549072
4494046.544291 434188.536246 614.520000 1827.896606 8.000000 4848300.000000 0.590613
4494076.544291 434218.536246 656.940000 1841.227295 8.000000 4832100.000000 0.632210
4494106.544291 434248.536246 699.360000 1856.121216 8.000000 4814100.000000 0.673869
4494106.544291 434278.536246 729.360000 1867.343628 16.000000 4806900.000000 0.703380
4494106.544291 434308.536246 759.360000 1879.713989 16.000000 4300200.000000 0.732911
4494106.544291 434338.536246 789.360000 1892.455078 16.000000 4299300.000000 0.763961
4494106.544291 434368.536246 819.360000 1904.854492 16.000000 4298400.000000 0.795013
4494106.544291 434398.536246 849.360000 1916.372803 16.000000 4297500.000000 0.826068
4494106.544291 434428.536246 879.360000 1926.696655 16.000000 4296600.000000 0.857126
4494106.544291 434458.536246 909.360000 1935.755859 16.000000 4295700.000000 0.888187
4494106.544291 434488.536246 939.360000 1943.689819 16.000000 4294800.000000 0.919251
4494106.544291 434518.536246 969.360000 1950.786499 16.000000 4288500.000000 0.950318
4494106.544291 434548.536246 999.360000 1957.375854 16.000000 4283100.000000 0.981405
4494106.544291 434578.536246 1029.360000 1963.734497 16.000000 4278600.000000 1.012510
4494106.544291 434608.536246 1059.360000 1970.019165 16.000000 4272300.000000 1.043630
4494106.544291 434638.536246 1089.360000 1976.262451 16.000000 4268700.000000 1.074770
4494106.544291 434668.536246 1119.360000 1982.396118 16.000000 4262400.000000 1.105922
4494106.544291 434698.536246 1149.360000 1988.307495 16.000000 4256100.000000 1.137095
4494106.544291 434728.536246 1179.360000 1993.907959 16.000000 4253400.000000 1.168289
4494106.544291 434758.536246 1209.360000 1999.171021 16.000000 4247100.000000 1.199491
4494106.544291 434788.536246 1239.360000 2004.160645 16.000000 4240800.000000 1.230715
4494106.544291 434818.536246 1269.360000 2009.036865 16.000000 4234500.000000 1.261959
4494106.544291 434848.536246 1299.360000 2014.059692 16.000000 4228200.000000 1.293224
4494106.544291 434878.536246 1329.360000 2019.561401 16.000000 4218300.000000 1.324510
4494076.544291 434908.536246 1371.780000 2028.083252 32.000000 4200300.000000 1.368795
4494076.544291 434938.536246 1401.780000 2033.641724 16.000000 4194000.000000 1.400175
4494076.544291 434968.536246 1431.780000 2040.069702 16.000000 4184100.000000 1.431575
4494046.544291 434998.536246 1474.200000 2047.189209 32.000000 4167000.000000 1.476023
4494046.544291 435028.536246 1504.200000 2052.764648 16.000000 4160700.000000 1.507515
4494016.544291 435058.536246 1546.620000 2058.413574 32.000000 4149000.000000 1.552075
4494016.544291 435088.536246 1576.620000 2062.716064 16.000000 4139100.000000 1.583629
4493986.544291 435118.536246 1619.040000 2068.524902 32.000000 3949200.000000 1.628293
4493986.544291 435148.536246 1649.040000 2072.208496 16.000000 3943800.000000 1.660555
4493986.544291 435178.536246 1679.040000 2076.407471 16.000000 3934800.000000 1.692837
4493986.544291 435208.536246 1709.040000 2081.107178 16.000000 3928500.000000 1.725152
4493986.544291 435238.536246 1739.040000 2086.228027 16.000000 3918600.000000 1.757491
4493956.544291 435268.536246 1781.460000 2092.797363 32.000000 3824100.000000 1.803269
4493956.544291 435298.536246 1811.460000 2097.600342 16.000000 3817800.000000 1.836002
4493956.544291 435328.536246 1841.460000 2102.692139 16.000000 3799800.000000 1.868759
4493956.544291 435358.536246 1871.460000 2108.168701 16.000000 3794400.000000 1.901586
4493956.544291 435388.536246 1901.460000 2114.151611 16.000000 3652200.000000 1.934434
4493956.544291 435418.536246 1931.460000 2120.697998 16.000000 3651300.000000 1.967851
4493956.544291 435448.536246 1961.460000 2127.724121 16.000000 3650400.000000 2.001272
4493956.544291 435478.536246 1991.460000 2135.004883 16.000000 3649500.000000 2.034697
4493956.544291 435508.536246 2021.460000 2142.254395 16.000000 3648600.000000 2.068126
4493956.544291 435538.536246 2051.460000 2149.262695 16.000000 3642300.000000 2.101558
4493956.544291 435568.536246 2081.460000 2156.006104 16.000000 3634200.000000 2.135016
4493956.544291 435598.536246 2111.460000 2162.675537 16.000000 3623400.000000 2.168508
4493956.544291 435628.536246 2141.460000 2169.607910 16.000000 3601800.000000 2.202044
4493956.544291 435658.536246 2171.460000 2177.152344 16.000000 3579300.000000 2.235671
4493956.544291 435688.536246 2201.460000 2185.527832 16.000000 3556800.000000 2.269393
4493986.544291 435718.536246 2243.880000 2198.000488 8.000000 3518100.000000 2.317211
4493986.544291 435748.536246 2273.880000 2206.958252 16.000000 3478500.000000 2.351196
4493986.544291 435778.536246 2303.880000 2216.122314 16.000000 3393900.000000 2.385354
4493986.544291 435808.536246 2333.880000 2225.347168 16.000000 3358800.000000 2.419893
4494016.544291 435838.536246 2376.300000 2236.495850 8.000000 3321000.000000 2.468960
4494016.544291 435868.536246 2406.300000 2244.586914 16.000000 3287700.000000 2.503838
4494016.544291 435898.536246 2436.300000 2253.173340 16.000000 2782800.000000 2.538874
4494016.544291 435928.536246 2466.300000 2262.390137 16.000000 2781900.000000 2.576640
4494016.544291 435958.536246 2496.300000 2272.210693 16.000000 2781000.000000 2.614412
4494016.544291 435988.536246 2526.300000 2282.475830 16.000000 2780100.000000 2.652189
4494016.544291 436018.536246 2556.300000 2292.994141 16.000000 2779200.000000 2.689972
4494016.544291 436048.536246 2586.300000 2303.667480 16.000000 2778300.000000 2.727760
4494016.544291 436078.536246 2616.300000 2314.535400 16.000000 2772000.000000 2.765554
4494016.544291 436108.536246 2646.300000 2325.738037 16.000000 2761200.000000 2.803387
4494016.544291 436138.536246 2676.300000 2337.395508 16.000000 2750400.000000 2.841286
4494016.544291 436168.536246 2706.300000 2349.475586 16.000000 2739600.000000 2.879252
4494016.544291 436198.536246 2736.300000 2361.752197 16.000000 2728800.000000 2.917285
4493986.544291 436228.536246 2778.720000 2378.273193 32.000000 2710800.000000 2.971159
4493986.544291 436258.536246 2808.720000 2389.056885 16.000000 2700900.000000 3.009374
4493986.544291 436288.536246 2838.720000 2399.064697 16.000000 2690100.000000 3.047651
4493986.544291 436318.536246 2868.720000 2408.334717 16.000000 2679300.000000 3.085997
4493986.544291 436348.536246 2898.720000 2417.022705 16.000000 2329200.000000 3.124413
4493986.544291 436378.536246 2928.720000 2425.280273 16.000000 2328300.000000 3.165328
4493986.544291 436408.536246 2958.720000 2433.162354 16.000000 2327400.000000 3.206250
4493986.544291 436438.536246 2988.720000 2440.608887 16.000000 2326500.000000 3.247179
4493986.544291 436468.536246 3018.720000 2447.505371 16.000000 2325600.000000 3.288114
4493986.544291 436498.536246 3048.720000 2453.778809 16.000000 2324700.000000 3.329058
4493986.544291 436528.536246 3078.720000 2459.474121 16.000000 2313900.000000 3.370008
4493986.544291 436558.536246 3108.720000 2464.779541 16.000000 2293200.000000 3.411044
4493986.544291 436588.536246 3138.720000 2469.979492 16.000000 2272500.000000 3.452246
4494016.544291 436618.536246 3181.140000 2477.327637 8.000000 2265300.000000 3.510745
4494016.544291 436648.536246 3211.140000 2482.477051 16.000000 2245500.000000 3.552175
4494046.544291 436678.536246 3253.560000 2489.321045 8.000000 2229300.000000 3.610989
4494046.544291 436708.536246 3283.560000 2494.303223 16.000000 936900.000000 3.652718
4494046.544291 436738.536246 3313.560000 2499.536621 16.000000 936000.000000 3.714358
4494046.544291 436768.536246 3343.560000 2504.938965 16.000000 935100.000000 3.776024
4494046.544291 436798.536246 3373.560000 2510.429932 16.000000 934200.000000 3.837717
4494046.544291 436828.536246 3403.560000 2515.952148 16.000000 933300.000000 3.899436
4494046.544291 436858.536246 3433.560000 2521.487305 16.000000 925200.000000 3.961183
4494016.544291 436888.536246 3475.980000 2530.089355 32.000000 625500.000000 4.048835
4493986.544291 436918.536246 3518.400000 2539.385498 32.000000 624600.000000 4.153372
4493956.544291 436948.536246 3560.820000 2548.652588 32.000000 623700.000000 4.257976
4493926.544291 436978.536246 3603.240000 2557.573486 32.000000 622800.000000 4.362649
4493896.544291 437008.536246 3645.660000 2566.129883 32.000000 621900.000000 4.467389
4493866.544291 437038.536246 3688.080000 2574.514404 32.000000 621000.000000 4.572197
4493836.544291 437068.536246 3730.500000 2583.105225 32.000000 615600.000000 4.677074
4493806.544291 437098.536246 3772.920000 2592.300537 32.000000 599400.000000 4.782364
4493776.544291 437128.536246 3815.340000 2602.300293 32.000000 582300.000000 4.888925
4493746.544291 437158.536246 3857.760000 2613.010010 32.000000 391500.000000 4.996883
4493716.544291 437188.536246 3900.180000 2624.162354 32.000000 390600.000000 5.125958
4493686.544291 437218.536246 3942.600000 2635.485352 32.000000 389700.000000 5.255166
4493656.544291 437248.536246 3985.020000 2646.815918 32.000000 388800.000000 5.384509
4493626.544291 437278.536246 4027.440000 2658.179443 32.000000 387900.000000 5.513986
4493596.544291 437308.536246 4069.860000 2669.813721 32.000000 387000.000000 5.643599
4493566.544291 437338.536246 4112.280000 2682.043945 32.000000 358200.000000 5.773347
4493536.544291 437368.536246 4154.700000 2695.016846 32.000000 332100.000000 5.907690
4493506.544291 437398.536246 4197.120000 2708.588623 32.000000 285300.000000 6.046685
4493506.544291 437428.536246 4227.120000 2718.287109 16.000000 275400.000000 6.151938
4493506.544291 437458.536246 4257.120000 2728.721436 16.000000 134100.000000 6.258877
4493506.544291 437488.536246 4287.120000 2739.568359 16.000000 133200.000000 6.406713
4493506.544291 437518.536246 4317.120000 2750.484131 16.000000 132300.000000 6.554997
4493506.544291 437548.536246 4347.120000 2761.188477 16.000000 131400.000000 6.703734
4493506.544291 437578.536246 4377.120000 2771.597168 16.000000 130500.000000 6.852928
4493506.544291 437608.536246 4407.120000 2781.867920 16.000000 129600.000000 7.002585
4493506.544291 437638.536246 4437.120000 2792.349854 16.000000 128700.000000 7.152709
4493506.544291 437668.536246 4467.120000 2803.447510 16.000000 127800.000000 7.303304
4493506.544291 437698.536246 4497.120000 2815.457031 16.000000 126900.000000 7.454375
4493506.544291 437728.536246 4527.120000 2828.446289 16.000000 126000.000000 7.605928
4493506.544291 437758.536246 4557.120000 2842.266357 16.000000 125100.000000 7.757967
4493506.544291 437788.536246 4587.120000 2856.648926 16.000000 124200.000000 7.910497
4493506.544291 437818.536246 4617.120000 2871.400635 16.000000 123300.000000 8.063523
4493506.544291 437848.536246 4647.120000 2886.525879 16.000000 122400.000000 8.217052
4493506.544291 437878.536246 4677.120000 2902.237549 16.000000 121500.000000 8.371087
4493506.544291 437908.536246 4707.120000 2918.835449 16.000000 120600.000000 8.525634
4493506.544291 437938.536246 4737.120000 2936.500488 16.000000 110700.000000 8.680699
4493506.544291 437968.536246 4767.120000 2955.146729 16.000000 100800.000000 8.841859
4493506.544291 437998.536246 4797.120000 2974.405273 16.000000 90900.000000 9.009957
