4493866.544291 433648.536246 0.000000 1722.503662 16.000000 5174100.000000 0.000000
4493866.544291 433678.536246 30.000000 1725.558228 16.000000 5172300.000000 0.028569
4493866.544291 433708.536246 60.000000 1728.711060 16.000000 5166900.000000 0.057143
4493866.544291 433738.536246 90.000000 1732.253296 16.000000 5162400.000000 0.085729
4493866.544291 433768.536246 120.000000 1736.476318 16.000000 5152500.000000 0.114328
4493896.544291 433798.536246 162.420000 1741.809204 8.000000 5148900.000000 0.154800
4493896.544291 433828.536246 192.420000 1745.670044 16.000000 5137200.000000 0.183432
4493926.544291 433858.536246 234.840000 1751.131714 8.000000 5127300.000000 0.223959
4493926.544291 433888.536246 264.840000 1755.667725 16.000000 5113800.000000 0.252645
4493926.544291 433918.536246 294.840000 1761.267456 16.000000 5104800.000000 0.281365
4493956.544291 433948.536246 337.260000 1768.900269 8.000000 5088600.000000 0.322008
4493956.544291 433978.536246 367.260000 1774.353149 16.000000 5075100.000000 0.350792
4493956.544291 434008.536246 397.260000 1780.024658 16.000000 5067000.000000 0.379610
4493956.544291 434038.536246 427.260000 1785.893066 16.000000 5044500.000000 0.408450
4493986.544291 434068.536246 469.680000 1794.294678 8.000000 5020200.000000 0.449310
4494016.544291 434098.536246 512.100000 1804.902588 8.000000 131400.000000 0.490259
4494046.544291 434128.536246 554.520000 1816.284058 8.000000 130500.000000 0.701221
4494076.544291 434158.536246 596.940000 1827.821411 8.000000 120600.000000 0.912835
4494106.544291 434158.536246 626.940000 1835.711060 4.000000 109800.000000 1.067901
4494136.544291 434158.536246 656.940000 1843.983521 4.000000 99000.000000 1.229653
4494166.544291 434188.536246 699.360000 1854.874390 8.000000 90900.000000 1.469279
