4493866.544291 433648.536246 0.000000 1722.503662 16.000000 5174100.000000 0.000000
4493866.544291 433678.536246 30.000000 1725.558228 16.000000 5172300.000000 0.028569
4493866.544291 433708.536246 60.000000 1728.711060 16.000000 5166900.000000 0.057143
4493866.544291 433738.536246 90.000000 1732.253296 16.000000 5162400.000000 0.085729
4493866.544291 433768.536246 120.000000 1736.476318 16.000000 5152500.000000 0.114328
4493896.544291 433798.536246 162.420000 1741.809204 8.000000 5148900.000000 0.154800
4493896.544291 433828.536246 192.420000 1745.670044 16.000000 5137200.000000 0.183432
4493926.544291 433858.536246 234.840000 1751.131714 8.000000 5127300.000000 0.223959
4493926.544291 433888.536246 264.840000 1755.667725 16.000000 5113800.000000 0.252645
4493926.544291 433918.536246 294.840000 1761.267456 16.000000 5104800.000000 0.281365
4493956.544291 433948.536246 337.260000 1768.900269 8.000000 5088600.000000 0.322008
4493956.544291 433978.536246 367.260000 1774.353149 16.000000 5075100.000000 0.350792
4493956.544291 434008.536246 397.260000 1780.024658 16.000000 5067000.000000 0.379610
4493956.544291 434038.536246 427.260000 1785.893066 16.000000 5044500.000000 0.408450
4493986.544291 434068.536246 469.680000 1794.294678 8.000000 5020200.000000 0.449310
4493986.544291 434098.536246 499.680000 1799.786011 16.000000 4887900.000000 0.478270
4493986.544291 434128.536246 529.680000 1806.347656 16.000000 4875300.000000 0.507580
4494016.544291 434158.536246 572.100000 1816.194214 8.000000 4862700.000000 0.549072
4494046.544291 434188.536246 614.520000 1827.896606 8.000000 4848300.000000 0.590613
4494076.544291 434218.536246 656.940000 1841.227295 8.000000 4832100.000000 0.632210
4494106.544291 434248.536246 699.360000 1856.121216 8.000000 4814100.000000 0.673869
4494106.544291 434278.536246 729.360000 1867.343628 16.000000 4806900.000000 0.703380
4494106.544291 434308.536246 759.360000 1879.713989 16.000000 4300200.000000 0.732911
4494106.544291 434338.536246 789.360000 1892.455078 16.000000 4299300.000000 0.763961
4494106.544291 434368.536246 819.360000 1904.854492 16.000000 4298400.000000 0.795013
4494106.544291 434398.536246 849.360000 1916.372803 16.000000 4297500.000000 0.826068
4494106.544291 434428.536246 879.360000 1926.696655 16.000000 4296600.000000 0.857126
4494106.544291 434458.536246 909.360000 1935.755859 16.000000 4295700.000000 0.888187
4494106.544291 434488.536246 939.360000 1943.689819 16.000000 4294800.000000 0.919251
4494106.544291 434518.536246 969.360000 1950.786499 16.000000 4288500.000000 0.950318
4494106.544291 434548.536246 999.360000 1957.375854 16.000000 4283100.000000 0.981405
4494106.544291 434578.536246 1029.360000 1963.734497 16.000000 4278600.000000 1.012510
4494106.544291 434608.536246 1059.360000 1970.019165 16.000000 4272300.000000 1.043630
4494106.544291 434638.536246 1089.360000 1976.262451 16.000000 4268700.000000 1.074770
4494106.544291 434668.536246 1119.360000 1982.396118 16.000000 4262400.000000 1.105922
4494106.544291 434698.536246 1149.360000 1988.307495 16.000000 4256100.000000 1.137095
4494106.544291 434728.536246 1179.360000 1993.907959 16.000000 4253400.000000 1.168289
4494106.544291 434758.536246 1209.360000 1999.171021 16.000000 4247100.000000 1.199491
4494106.544291 434788.536246 1239.360000 2004.160645 16.000000 4240800.000000 1.230715
4494106.544291 434818.536246 1269.360000 2009.036865 16.000000 4234500.000000 1.261959
4494106.544291 434848.536246 1299.360000 2014.059692 16.000000 4228200.000000 1.293224
4494106.544291 434878.536246 1329.360000 2019.561401 16.000000 4218300.000000 1.324510
4494076.544291 434908.536246 1371.780000 2028.083252 32.000000 4200300.000000 1.368795
4494076.544291 434938.536246 1401.780000 2033.641724 16.000000 4194000.000000 1.400175
4494076.544291 434968.536246 1431.780000 2040.069702 16.000000 4184100.000000 1.431575
4494046.544291 434998.536246 1474.200000 2047.189209 32.000000 4167000.000000 1.476023
4494046.544291 435028.536246 1504.200000 2052.764648 16.000000 4160700.000000 1.507515
4494016.544291 435058.536246 1546.620000 2058.413574 32.000000 4149000.000000 1.552075
4494016.544291 435088.536246 1576.620000 2062.716064 16.000000 4139100.000000 1.583629
4493986.544291 435118.536246 1619.040000 2068.524902 32.000000 3949200.000000 1.628293
4493986.544291 435148.536246 1649.040000 2072.208496 16.000000 3943800.000000 1.660555
4493986.544291 435178.536246 1679.040000 2076.407471 16.000000 3934800.000000 1.692837
4493986.544291 435208.536246 1709.040000 2081.107178 16.000000 3928500.000000 1.725152
4493986.544291 435238.536246 1739.040000 2086.228027 16.000000 3918600.000000 1.757491
4493956.544291 435268.536246 1781.460000 2092.797363 32.000000 3824100.000000 1.803269
4493956.544291 435298.536246 1811.460000 2097.600342 16.000000 3817800.000000 1.836002
4493956.544291 435328.536246 1841.460000 2102.692139 16.000000 3799800.000000 1.868759
4493956.544291 435358.536246 1871.460000 2108.168701 16.000000 3794400.000000 1.901586
4493956.544291 435388.536246 1901.460000 2114.151611 16.000000 3652200.000000 1.934434
4493956.544291 435418.536246 1931.460000 2120.697998 16.000000 3651300.000000 1.967851
4493956.544291 435448.536246 1961.460000 2127.724121 16.000000 3650400.000000 2.001272
4493956.544291 435478.536246 1991.460000 2135.004883 16.000000 3649500.000000 2.034697
4493956.544291 435508.536246 2021.460000 2142.254395 16.000000 3648600.000000 2.068126
4493956.544291 435538.536246 2051.460000 2149.262695 16.000000 3642300.000000 2.101558
4493956.544291 435568.536246 2081.460000 2156.006104 16.000000 3634200.000000 2.135016
4493956.544291 435598.536246 2111.460000 2162.675537 16.000000 3623400.000000 2.168508
4493956.544291 435628.536246 2141.460000 2169.607910 16.000000 3601800.000000 2.202044
4493956.544291 435658.536246 2171.460000 2177.152344 16.000000 3579300.000000 2.235671
4493956.544291 435688.536246 2201.460000 2185.527832 16.000000 3556800.000000 2.269393
4493986.544291 435718.536246 2243.880000 2198.000488 8.000000 3518100.000000 2.317211
4493986.544291 435748.536246 2273.880000 2206.958252 16.000000 3478500.000000 2.351196
4493986.544291 435778.536246 2303.880000 2216.122314 16.000000 3393900.000000 2.385354
4493986.544291 435808.536246 2333.880000 2225.347168 16.000000 3358800.000000 2.419893
4494016.544291 435838.536246 2376.300000 2236.495850 8.000000 3321000.000000 2.468960
4494016.544291 435868.536246 2406.300000 2244.586914 16.000000 3287700.000000 2.503838
4494016.544291 435898.536246 2436.300000 2253.173340 16.000000 2782800.000000 2.538874
4494016.544291 435928.536246 2466.300000 2262.390137 16.000000 2781900.000000 2.576640
4494016.544291 435958.536246 2496.300000 2272.210693 16.000000 2781000.000000 2.614412
4494016.544291 435988.536246 2526.300000 2282.475830 16.000000 2780100.000000 2.652189
4494016.544291 436018.536246 2556.300000 2292.994141 16.000000 2779200.000000 2.689972
4494016.544291 436048.536246 2586.300000 2303.667480 16.000000 2778300.000000 2.727760
4494016.544291 436078.536246 2616.300000 2314.535400 16.000000 2772000.000000 2.765554
4494016.544291 436108.536246 2646.300000 2325.738037 16.000000 2761200.000000 2.803387
4494016.544291 436138.536246 2676.300000 2337.395508 16.000000 2750400.000000 2.841286
4494016.544291 436168.536246 2706.300000 2349.475586 16.000000 2739600.000000 2.879252
4494016.544291 436198.536246 2736.300000 2361.752197 16.000000 2728800.000000 2.917285
4493986.544291 436228.536246 2778.720000 2378.273193 32.000000 2710800.000000 2.971159
4493986.544291 436258.536246 2808.720000 2389.056885 16.000000 2700900.000000 3.009374
4493986.544291 436288.536246 2838.720000 2399.064697 16.000000 2690100.000000 3.047651
4493986.544291 436318.536246 2868.720000 2408.334717 16.000000 2679300.000000 3.085997
4493986.544291 436348.536246 2898.720000 2417.022705 16.000000 2329200.000000 3.124413
4493986.544291 436378.536246 2928.720000 2425.280273 16.000000 2328300.000000 3.165328
4493986.544291 436408.536246 2958.720000 2433.162354 16.000000 2327400.000000 3.206250
4493986.544291 436438.536246 2988.720000 2440.608887 16.000000 2326500.000000 3.247179
4493986.544291 436468.536246 3018.720000 2447.505371 16.000000 2325600.000000 3.288114
4493986.544291 436498.536246 3048.720000 2453.778809 16.000000 2324700.000000 3.329058
4493986.544291 436528.536246 3078.720000 2459.474121 16.000000 2313900.000000 3.370008
4493986.544291 436558.536246 3108.720000 2464.779541 16.000000 2293200.000000 3.411044
4493986.544291 436588.536246 3138.720000 2469.979492 16.000000 2272500.000000 3.452246
4494016.544291 436618.536246 3181.140000 2477.327637 8.000000 2265300.000000 3.510745
4494016.544291 436648.536246 3211.140000 2482.477051 16.000000 2245500.000000 3.552175
4494046.544291 436678.536246 3253.560000 2489.321045 8.000000 2229300.000000 3.610989
4494076.544291 436708.536246 3295.980000 2495.972412 8.000000 1291500.000000 3.669994
4494076.544291 436738.536246 3325.980000 2500.343018 16.000000 1277100.000000 3.723344
4494076.544291 436768.536246 3355.980000 2504.923096 16.000000 1260000.000000 3.776963
4494106.544291 436798.536246 3398.400000 2510.863037 8.000000 1226700.000000 3.853242
4494106.544291 436828.536246 3428.400000 2515.373535 16.000000 1214100.000000 3.907841
4494106.544291 436858.536246 3458.400000 2520.287842 16.000000 1197900.000000 3.962695
4494106.544291 436888.536246 3488.400000 2525.645752 16.000000 1186200.000000 4.017881
4494136.544291 436918.536246 3530.820000 2533.775391 8.000000 1105200.000000 4.096260
4494136.544291 436948.536246 3560.820000 2539.976074 16.000000 1089900.000000 4.153484
4494136.544291 436978.536246 3590.820000 2546.677246 16.000000 1080000.000000 4.211067
4494136.544291 437008.536246 3620.820000 2553.894531 16.000000 1064700.000000 4.268887
4494136.544291 437038.536246 3650.820000 2561.640625 16.000000 1049400.000000 4.327080
4494166.544291 437068.536246 3693.240000 2573.095947 8.000000 1008000.000000 4.409902
4494166.544291 437098.536246 3723.240000 2581.502197 16.000000 999900.000000 4.469546
4494166.544291 437128.536246 3753.240000 2590.185791 16.000000 985500.000000 4.529407
4494166.544291 437158.536246 3783.240000 2598.897217 16.000000 971100.000000 4.589659
4494166.544291 437188.536246 3813.240000 2607.348877 16.000000 956700.000000 4.650312
4494166.544291 437218.536246 3843.240000 2615.271240 16.000000 942300.000000 4.711374
4494166.544291 437248.536246 3873.240000 2622.478760 16.000000 903600.000000 4.772855
4494166.544291 437278.536246 3903.240000 2628.914551 16.000000 885600.000000 4.835506
4494166.544291 437308.536246 3933.240000 2634.679688 16.000000 870300.000000 4.898728
4494166.544291 437338.536246 3963.240000 2640.033203 16.000000 857700.000000 4.962447
4494196.544291 437368.536246 4005.660000 2647.295410 8.000000 846900.000000 5.053139
4494196.544291 437398.536246 4035.660000 2652.349854 16.000000 831600.000000 5.117645
4494226.544291 437428.536246 4078.080000 2659.666748 8.000000 821700.000000 5.209607
4494256.544291 437458.536246 4120.500000 2667.406006 8.000000 801900.000000 5.302066
4494286.544291 437488.536246 4162.920000 2675.539795 8.000000 768600.000000 5.395545
4494316.544291 437518.536246 4205.340000 2684.150146 8.000000 747900.000000 5.490826
4494346.544291 437548.536246 4247.760000 2693.643066 8.000000 717300.000000 5.587285
4494346.544291 437578.536246 4277.760000 2701.255859 16.000000 706500.000000 5.656796
4494376.544291 437608.536246 4320.180000 2713.134766 8.000000 685800.000000 5.755759
4494376.544291 437638.536246 4350.180000 2722.878418 16.000000 675000.000000 5.826689
4494376.544291 437668.536246 4380.180000 2733.729736 16.000000 527400.000000 5.898128
4494376.544291 437698.536246 4410.180000 2745.217041 16.000000 526500.000000 5.977956
4494376.544291 437728.536246 4440.180000 2756.732422 16.000000 525600.000000 6.057846
4494376.544291 437758.536246 4470.180000 2767.675781 16.000000 524700.000000 6.137798
4494376.544291 437788.536246 4500.180000 2777.599609 16.000000 523800.000000 6.217811
4494376.544291 437818.536246 4530.180000 2786.337646 16.000000 522900.000000 6.297886
4494376.544291 437848.536246 4560.180000 2793.997314 16.000000 519300.000000 6.378023
4494376.544291 437878.536246 4590.180000 2800.873291 16.000000 504000.000000 6.458409
4494376.544291 437908.536246 4620.180000 2807.300537 16.000000 493200.000000 6.539885
4494346.544291 437938.536246 4662.600000 2815.758789 32.000000 441900.000000 6.656220
4494346.544291 437968.536246 4692.600000 2821.211914 16.000000 431100.000000 6.742662
4494316.544291 437998.536246 4735.020000 2829.778564 32.000000 103500.000000 6.866260
4494286.544291 438028.536246 4777.440000 2839.458008 32.000000 102600.000000 7.101141
4494256.544291 438058.536246 4819.860000 2851.163086 32.000000 101700.000000 7.336946
4494226.544291 438088.536246 4862.280000 2865.919434 32.000000 92700.000000 7.573689
