4493866.544291 433648.536246 0.000000 1722.503662 16.000000 5174100.000000 0.000000
4493866.544291 433678.536246 30.000000 1725.558228 16.000000 5172300.000000 0.028569
4493866.544291 433708.536246 60.000000 1728.711060 16.000000 5166900.000000 0.057143
4493866.544291 433738.536246 90.000000 1732.253296 16.000000 5162400.000000 0.085729
4493866.544291 433768.536246 120.000000 1736.476318 16.000000 5152500.000000 0.114328
4493896.544291 433798.536246 162.420000 1741.809204 8.000000 5148900.000000 0.154800
4493896.544291 433828.536246 192.420000 1745.670044 16.000000 5137200.000000 0.183432
4493926.544291 433858.536246 234.840000 1751.131714 8.000000 5127300.000000 0.223959
4493926.544291 433888.536246 264.840000 1755.667725 16.000000 5113800.000000 0.252645
4493926.544291 433918.536246 294.840000 1761.267456 16.000000 5104800.000000 0.281365
4493956.544291 433948.536246 337.260000 1768.900269 8.000000 5088600.000000 0.322008
4493956.544291 433978.536246 367.260000 1774.353149 16.000000 5075100.000000 0.350792
4493956.544291 434008.536246 397.260000 1780.024658 16.000000 5067000.000000 0.379610
4493956.544291 434038.536246 427.260000 1785.893066 16.000000 5044500.000000 0.408450
4493986.544291 434068.536246 469.680000 1794.294678 8.000000 5020200.000000 0.449310
4493986.544291 434098.536246 499.680000 1799.786011 16.000000 4887900.000000 0.478270
4493986.544291 434128.536246 529.680000 1806.347656 16.000000 4875300.000000 0.507580
4494016.544291 434158.536246 572.100000 1816.194214 8.000000 4862700.000000 0.549072
4494046.544291 434188.536246 614.520000 1827.896606 8.000000 4848300.000000 0.590613
4494076.544291 434218.536246 656.940000 1841.227295 8.000000 4832100.000000 0.632210
4494106.544291 434248.536246 699.360000 1856.121216 8.000000 4814100.000000 0.673869
4494106.544291 434278.536246 729.360000 1867.343628 16.000000 4806900.000000 0.703380
4494106.544291 434308.536246 759.360000 1879.713989 16.000000 4300200.000000 0.732911
4494106.544291 434338.536246 789.360000 1892.455078 16.000000 4299300.000000 0.763961
4494106.544291 434368.536246 819.360000 1904.854492 16.000000 4298400.000000 0.795013
4494106.544291 434398.536246 849.360000 1916.372803 16.000000 4297500.000000 0.826068
4494106.544291 434428.536246 879.360000 1926.696655 16.000000 4296600.000000 0.857126
4494106.544291 434458.536246 909.360000 1935.755859 16.000000 4295700.000000 0.888187
4494106.544291 434488.536246 939.360000 1943.689819 16.000000 4294800.000000 0.919251
4494106.544291 434518.536246 969.360000 1950.786499 16.000000 4288500.000000 0.950318
4494106.544291 434548.536246 999.360000 1957.375854 16.000000 4283100.000000 0.981405
4494106.544291 434578.536246 1029.360000 1963.734497 16.000000 4278600.000000 1.012510
4494106.544291 434608.536246 1059.360000 1970.019165 16.000000 4272300.000000 1.043630
4494106.544291 434638.536246 1089.360000 1976.262451 16.000000 4268700.000000 1.074770
4494106.544291 434668.536246 1119.360000 1982.396118 16.000000 4262400.000000 1.105922
4494106.544291 434698.536246 1149.360000 1988.307495 16.000000 4256100.000000 1.137095
4494106.544291 434728.536246 1179.360000 1993.907959 16.000000 4253400.000000 1.168289
4494106.544291 434758.536246 1209.360000 1999.171021 16.000000 4247100.000000 1.199491
4494106.544291 434788.536246 1239.360000 2004.160645 16.000000 4240800.000000 1.230715
4494106.544291 434818.536246 1269.360000 2009.036865 16.000000 4234500.000000 1.261959
4494106.544291 434848.536246 1299.360000 2014.059692 16.000000 4228200.000000 1.293224
4494106.544291 434878.536246 1329.360000 2019.561401 16.000000 4218300.000000 1.324510
4494076.544291 434908.536246 1371.780000 2028.083252 32.000000 4200300.000000 1.368795
4494076.544291 434938.536246 1401.780000 2033.641724 16.000000 4194000.000000 1.400175
4494076.544291 434968.536246 1431.780000 2040.069702 16.000000 4184100.000000 1.431575
4494046.544291 434998.536246 1474.200000 2047.189209 32.000000 4167000.000000 1.476023
4494046.544291 435028.536246 1504.200000 2052.764648 16.000000 4160700.000000 1.507515
4494016.544291 435058.536246 1546.620000 2058.413574 32.000000 4149000.000000 1.552075
4494016.544291 435088.536246 1576.620000 2062.716064 16.000000 4139100.000000 1.583629
4493986.544291 435118.536246 1619.040000 2068.524902 32.000000 3949200.000000 1.628293
4493986.544291 435148.536246 1649.040000 2072.208496 16.000000 3943800.000000 1.660555
4493986.544291 435178.536246 1679.040000 2076.407471 16.000000 3934800.000000 1.692837
4493986.544291 435208.536246 1709.040000 2081.107178 16.000000 3928500.000000 1.725152
4493986.544291 435238.536246 1739.040000 2086.228027 16.000000 3918600.000000 1.757491
4493956.544291 435268.536246 1781.460000 2092.797363 32.000000 3824100.000000 1.803269
4493956.544291 435298.536246 1811.460000 2097.600342 16.000000 3817800.000000 1.836002
4493956.544291 435328.536246 1841.460000 2102.692139 16.000000 3799800.000000 1.868759
4493956.544291 435358.536246 1871.460000 2108.168701 16.000000 3794400.000000 1.901586
4493926.544291 435388.536246 1913.880000 2116.572754 32.000000 141300.000000 1.948033
4493926.544291 435418.536246 1943.880000 2122.678467 16.000000 135000.000000 2.092430
4493926.544291 435448.536246 1973.880000 2129.284668 16.000000 128700.000000 2.239821
4493926.544291 435478.536246 2003.880000 2136.140625 16.000000 125100.000000 2.390416
4493926.544291 435508.536246 2033.880000 2142.965576 16.000000 115200.000000 2.542946
4493926.544291 435538.536246 2063.880000 2149.579590 16.000000 99900.000000 2.701241
4493926.544291 435568.536246 2093.880000 2155.999023 16.000000 91800.000000 2.870019
