4493866.544291 433648.536246 0.000000 1722.503662 16.000000 5174100.000000 0.000000
4493866.544291 433678.536246 30.000000 1725.558228 16.000000 5172300.000000 0.028569
4493866.544291 433708.536246 60.000000 1728.711060 16.000000 5166900.000000 0.057143
4493866.544291 433738.536246 90.000000 1732.253296 16.000000 5162400.000000 0.085729
4493866.544291 433768.536246 120.000000 1736.476318 16.000000 5152500.000000 0.114328
4493896.544291 433798.536246 162.420000 1741.809204 8.000000 5148900.000000 0.154800
4493896.544291 433828.536246 192.420000 1745.670044 16.000000 5137200.000000 0.183432
4493926.544291 433858.536246 234.840000 1751.131714 8.000000 5127300.000000 0.223959
4493926.544291 433888.536246 264.840000 1755.667725 16.000000 5113800.000000 0.252645
4493926.544291 433918.536246 294.840000 1761.267456 16.000000 5104800.000000 0.281365
4493956.544291 433948.536246 337.260000 1768.900269 8.000000 5088600.000000 0.322008
4493956.544291 433978.536246 367.260000 1774.353149 16.000000 5075100.000000 0.350792
4493956.544291 434008.536246 397.260000 1780.024658 16.000000 5067000.000000 0.379610
4493956.544291 434038.536246 427.260000 1785.893066 16.000000 5044500.000000 0.408450
4493986.544291 434068.536246 469.680000 1794.294678 8.000000 5020200.000000 0.449310
4493986.544291 434098.536246 499.680000 1799.786011 16.000000 4887900.000000 0.478270
4493986.544291 434128.536246 529.680000 1806.347656 16.000000 4875300.000000 0.507580
4494016.544291 434158.536246 572.100000 1816.194214 8.000000 4862700.000000 0.549072
4494046.544291 434188.536246 614.520000 1827.896606 8.000000 4848300.000000 0.590613
4494076.544291 434218.536246 656.940000 1841.227295 8.000000 4832100.000000 0.632210
4494106.544291 434248.536246 699.360000 1856.121216 8.000000 4814100.000000 0.673869
4494106.544291 434278.536246 729.360000 1867.343628 16.000000 4806900.000000 0.703380
4494136.544291 434308.536246 771.780000 1884.062744 8.000000 505800.000000 0.745137
4494136.544291 434338.536246 801.780000 1896.026001 16.000000 498600.000000 0.826482
4494136.544291 434368.536246 831.780000 1907.585449 16.000000 493200.000000 0.908354
4494136.544291 434398.536246 861.780000 1918.208252 16.000000 488700.000000 0.990628
4494136.544291 434428.536246 891.780000 1927.621460 16.000000 468900.000000 1.073241
4494166.544291 434458.536246 934.200000 1939.192261 8.000000 113400.000000 1.192252
4494196.544291 434488.536246 976.620000 1952.243530 8.000000 112500.000000 1.417673
4494226.544291 434518.536246 1019.040000 1967.507202 8.000000 111600.000000 1.643904
4494256.544291 434548.536246 1061.460000 1985.062744 8.000000 110700.000000 1.870954
4494286.544291 434578.536246 1103.880000 2004.292725 8.000000 109800.000000 2.098833
4494316.544291 434608.536246 1146.300000 2024.087524 8.000000 99000.000000 2.327550
