4496806.544291 433468.536246 0.000000 1513.893311 32.000000 125351100.000000 0.000000
4496806.544291 433498.536246 30.000000 1516.287598 16.000000 125119800.000000 0.006807
4496776.544291 433528.536246 72.420000 1519.863037 32.000000 125042400.000000 0.016440
4496776.544291 433558.536246 102.420000 1522.056030 16.000000 124991100.000000 0.023255
4496776.544291 433588.536246 132.420000 1524.436646 16.000000 124958700.000000 0.030071
4496746.544291 433618.536246 174.840000 1527.342896 32.000000 124946100.000000 0.039710
4496746.544291 433648.536246 204.840000 1529.155396 16.000000 124885800.000000 0.046527
4496746.544291 433678.536246 234.840000 1530.951416 16.000000 122472900.000000 0.053345
4496716.544291 433708.536246 277.260000 1533.048584 32.000000 122447700.000000 0.063072
4496716.544291 433738.536246 307.260000 1534.296387 16.000000 122413500.000000 0.069951
4496716.544291 433768.536246 337.260000 1535.548950 16.000000 122391900.000000 0.076831
4496716.544291 433798.536246 367.260000 1536.803589 16.000000 122366700.000000 0.083712
4496716.544291 433828.536246 397.260000 1538.056519 16.000000 122364000.000000 0.090593
4496716.544291 433858.536246 427.260000 1539.305908 16.000000 122325300.000000 0.097475
4496716.544291 433888.536246 457.260000 1540.553711 16.000000 122172300.000000 0.104357
4496716.544291 433918.536246 487.260000 1541.806519 16.000000 122166000.000000 0.111243
4496716.544291 433948.536246 517.260000 1543.075928 16.000000 122151600.000000 0.118130
4496716.544291 433978.536246 547.260000 1544.386841 16.000000 122144400.000000 0.125017
4496716.544291 434008.536246 577.260000 1545.780151 16.000000 122130000.000000 0.131904
4496716.544291 434038.536246 607.260000 1547.318115 16.000000 122110200.000000 0.138791
4496716.544291 434068.536246 637.260000 1549.081665 16.000000 122080500.000000 0.145679
4496716.544291 434098.536246 667.260000 1551.155640 16.000000 121960800.000000 0.152567
4496716.544291 434128.536246 697.260000 1553.602783 16.000000 121942800.000000 0.159459
4496716.544291 434158.536246 727.260000 1556.437988 16.000000 121930200.000000 0.166351
4496716.544291 434188.536246 757.260000 1559.611694 16.000000 121927500.000000 0.173243
4496716.544291 434218.536246 787.260000 1563.016479 16.000000 121914000.000000 0.180136
4496746.544291 434248.536246 829.680000 1567.312134 8.000000 121713300.000000 0.189882
4496746.544291 434278.536246 859.680000 1570.036865 16.000000 121699800.000000 0.196780
4496746.544291 434308.536246 889.680000 1572.568359 16.000000 121669200.000000 0.203679
4496776.544291 434338.536246 932.100000 1575.426636 8.000000 121590000.000000 0.213434
4496776.544291 434368.536246 962.100000 1576.704834 16.000000 121572000.000000 0.220335
4496776.544291 434398.536246 992.100000 1578.141235 16.000000 121552200.000000 0.227237
4496806.544291 434428.536246 1034.520000 1579.183594 8.000000 121471200.000000 0.236996
4496806.544291 434458.536246 1064.520000 1580.242310 16.000000 121428000.000000 0.243900
4496836.544291 434488.536246 1106.940000 1581.213501 8.000000 121344300.000000 0.253664
4496836.544291 434518.536246 1136.940000 1582.245850 16.000000 121305600.000000 0.260571
4496866.544291 434548.536246 1179.360000 1583.522095 8.000000 121228200.000000 0.270340
4496866.544291 434578.536246 1209.360000 1584.637573 16.000000 121200300.000000 0.277250
4496896.544291 434608.536246 1251.780000 1586.261597 8.000000 121150800.000000 0.287022
4496896.544291 434638.536246 1281.780000 1587.543091 16.000000 121129200.000000 0.293935
4496926.544291 434668.536246 1324.200000 1589.358643 8.000000 121097700.000000 0.303710
4496926.544291 434698.536246 1354.200000 1590.869507 16.000000 121081500.000000 0.310623
4496956.544291 434728.536246 1396.620000 1592.731934 8.000000 121042800.000000 0.320400
4496956.544291 434758.536246 1426.620000 1594.343140 16.000000 121032000.000000 0.327315
4496986.544291 434788.536246 1469.040000 1596.032715 8.000000 120803400.000000 0.337093
4496986.544291 434818.536246 1499.040000 1597.459717 16.000000 120780900.000000 0.344015
4497016.544291 434848.536246 1541.460000 1598.723145 8.000000 120705300.000000 0.353802
4497016.544291 434878.536246 1571.460000 1600.025757 16.000000 120651300.000000 0.360726
4497046.544291 434908.536246 1613.880000 1601.009155 8.000000 120581100.000000 0.370518
4497076.544291 434938.536246 1656.300000 1602.411133 8.000000 120537900.000000 0.380313
4497106.544291 434968.536246 1698.720000 1604.034180 8.000000 120452400.000000 0.390109
4497136.544291 434998.536246 1741.140000 1605.728149 8.000000 120389400.000000 0.399909
4497166.544291 435028.536246 1783.560000 1607.545532 8.000000 120332700.000000 0.409711
4497196.544291 435058.536246 1825.980000 1609.696411 8.000000 120280500.000000 0.419514
4497226.544291 435088.536246 1868.400000 1612.281860 8.000000 119808000.000000 0.429320
4497256.544291 435118.536246 1910.820000 1615.046509 8.000000 119801700.000000 0.439143
4497286.544291 435148.536246 1953.240000 1617.557129 8.000000 119796300.000000 0.448967
4497316.544291 435178.536246 1995.660000 1619.747192 8.000000 119790000.000000 0.458790
4497316.544291 435208.536246 2025.660000 1621.559692 16.000000 119755800.000000 0.465738
4497316.544291 435238.536246 2055.660000 1623.437012 16.000000 118924200.000000 0.472686
4497316.544291 435268.536246 2085.660000 1625.091431 16.000000 118922400.000000 0.479657
4497316.544291 435298.536246 2115.660000 1626.420166 16.000000 118915200.000000 0.486627
4497316.544291 435328.536246 2145.660000 1627.522827 16.000000 118905300.000000 0.493598
4497316.544291 435358.536246 2175.660000 1628.664917 16.000000 118894500.000000 0.500568
4497286.544291 435388.536246 2218.080000 1630.471191 32.000000 118843200.000000 0.510425
4497286.544291 435418.536246 2248.080000 1631.580078 16.000000 118821600.000000 0.517398
4497286.544291 435448.536246 2278.080000 1633.399048 16.000000 118796400.000000 0.524371
4497256.544291 435478.536246 2320.500000 1636.029297 32.000000 118761300.000000 0.534231
4497256.544291 435508.536246 2350.500000 1638.284424 16.000000 118730700.000000 0.541206
4497256.544291 435538.536246 2380.500000 1641.069336 16.000000 118711800.000000 0.548181
4497226.544291 435568.536246 2422.920000 1645.175537 32.000000 118670400.000000 0.558045
4497226.544291 435598.536246 2452.920000 1647.912598 16.000000 118650600.000000 0.565022
4497226.544291 435628.536246 2482.920000 1650.785278 16.000000 118626300.000000 0.572000
4497226.544291 435658.536246 2512.920000 1653.738525 16.000000 118598400.000000 0.578978
4497226.544291 435688.536246 2542.920000 1656.738892 16.000000 118579500.000000 0.585957
4497196.544291 435718.536246 2585.340000 1660.352661 32.000000 118569600.000000 0.595826
4497196.544291 435748.536246 2615.340000 1662.234131 16.000000 118541700.000000 0.602805
4497196.544291 435778.536246 2645.340000 1663.937500 16.000000 118529100.000000 0.609786
4497196.544291 435808.536246 2675.340000 1665.427246 16.000000 118503000.000000 0.616766
4497196.544291 435838.536246 2705.340000 1666.716187 16.000000 118476900.000000 0.623748
4497196.544291 435868.536246 2735.340000 1667.886719 16.000000 118467000.000000 0.630730
4497196.544291 435898.536246 2765.340000 1669.089355 16.000000 118440900.000000 0.637712
4497166.544291 435928.536246 2807.760000 1670.274292 32.000000 118375200.000000 0.647586
4497166.544291 435958.536246 2837.760000 1671.273438 16.000000 118368000.000000 0.654571
4497166.544291 435988.536246 2867.760000 1672.625610 16.000000 118314000.000000 0.661556
4497166.544291 436018.536246 2897.760000 1674.268066 16.000000 118260000.000000 0.668543
4497166.544291 436048.536246 2927.760000 1676.042847 16.000000 118195200.000000 0.675530
4497166.544291 436078.536246 2957.760000 1677.742554 16.000000 117591300.000000 0.682520
4497166.544291 436108.536246 2987.760000 1679.178223 16.000000 117590400.000000 0.689526
4497166.544291 436138.536246 3017.760000 1680.248291 16.000000 117565200.000000 0.696531
4497166.544291 436168.536246 3047.760000 1680.981323 16.000000 117540900.000000 0.703538
4497166.544291 436198.536246 3077.760000 1681.543091 16.000000 117509400.000000 0.710545
4497166.544291 436228.536246 3107.760000 1682.198975 16.000000 116370000.000000 0.717553
4497166.544291 436258.536246 3137.760000 1683.235474 16.000000 116308800.000000 0.724592
4497196.544291 436288.536246 3180.180000 1684.449219 8.000000 116279100.000000 0.734547
4497196.544291 436318.536246 3210.180000 1685.777588 16.000000 116171100.000000 0.741588
4497226.544291 436348.536246 3252.600000 1687.527832 8.000000 116159400.000000 0.751548
4497226.544291 436378.536246 3282.600000 1688.961670 16.000000 116137800.000000 0.758593
4497226.544291 436408.536246 3312.600000 1690.624878 16.000000 116089200.000000 0.765638
4497226.544291 436438.536246 3342.600000 1692.374878 16.000000 115833600.000000 0.772684
4497226.544291 436468.536246 3372.600000 1694.291748 16.000000 115810200.000000 0.779737
4497226.544291 436498.536246 3402.600000 1696.696167 16.000000 115782300.000000 0.786791
4497196.544291 436528.536246 3445.020000 1701.308350 32.000000 115763400.000000 0.796767
4497196.544291 436558.536246 3475.020000 1705.453613 16.000000 115739100.000000 0.803822
4497166.544291 436588.536246 3517.440000 1712.579224 32.000000 115728300.000000 0.813799
4497166.544291 436618.536246 3547.440000 1718.535034 16.000000 113568300.000000 0.820855
4497166.544291 436648.536246 3577.440000 1725.357666 16.000000 113567400.000000 0.827972
4497166.544291 436678.536246 3607.440000 1732.537842 16.000000 113566500.000000 0.835088
4497166.544291 436708.536246 3637.440000 1739.552368 16.000000 113565600.000000 0.842204
4497166.544291 436738.536246 3667.440000 1746.019043 16.000000 113564700.000000 0.849321
4497166.544291 436768.536246 3697.440000 1751.759033 16.000000 113559300.000000 0.856437
4497166.544291 436798.536246 3727.440000 1756.786377 16.000000 113554800.000000 0.863554
4497166.544291 436828.536246 3757.440000 1761.223633 16.000000 113549400.000000 0.870671
4497166.544291 436858.536246 3787.440000 1765.198242 16.000000 113545800.000000 0.877787
4497166.544291 436888.536246 3817.440000 1768.775879 16.000000 113541300.000000 0.884904
4497166.544291 436918.536246 3847.440000 1771.953613 16.000000 113538600.000000 0.892021
4497166.544291 436948.536246 3877.440000 1774.730591 16.000000 113532300.000000 0.899139
4497196.544291 436978.536246 3919.860000 1776.938110 8.000000 113183100.000000 0.909203
4497436.544291 437068.536246 4197.120000 1777.620728 4.000000 112893300.000000 0.975072
4497466.544291 437098.536246 4239.540000 1778.444214 8.000000 112877100.000000 0.985162
4497496.544291 437128.536246 4281.960000 1780.438721 8.000000 112836600.000000 0.995252
4497526.544291 437158.536246 4324.380000 1783.372437 8.000000 112828500.000000 1.005344
4497556.544291 437188.536246 4366.800000 1786.784668 8.000000 112798800.000000 1.015436
4497586.544291 437218.536246 4409.220000 1790.017944 8.000000 112734900.000000 1.025529
4497616.544291 437248.536246 4451.640000 1792.522949 8.000000 112707900.000000 1.035625
4497646.544291 437278.536246 4494.060000 1794.295410 8.000000 112494600.000000 1.045722
4497676.544291 437308.536246 4536.480000 1796.087646 8.000000 110767500.000000 1.055828
4497706.544291 437308.536246 4566.480000 1797.362915 4.000000 110751300.000000 1.063024
4497736.544291 437338.536246 4608.900000 1800.404541 8.000000 110676600.000000 1.073201
4497766.544291 437338.536246 4638.900000 1803.005737 4.000000 110627100.000000 1.080401
4497796.544291 437368.536246 4681.320000 1808.182251 8.000000 110620800.000000 1.090583
4497826.544291 437398.536246 4723.740000 1814.210815 8.000000 110585700.000000 1.100765
4497856.544291 437428.536246 4766.160000 1819.284790 8.000000 110584800.000000 1.110949
4497886.544291 437458.536246 4808.580000 1822.174683 8.000000 110566800.000000 1.121132
4497916.544291 437488.536246 4851.000000 1823.067505 8.000000 110550600.000000 1.131317
4497946.544291 437518.536246 4893.420000 1823.414795 8.000000 110446200.000000 1.141502
4497946.544291 437548.536246 4923.420000 1824.191650 16.000000 110419200.000000 1.148708
4497976.544291 437578.536246 4965.840000 1825.589722 8.000000 110352600.000000 1.158899
4497976.544291 437608.536246 4995.840000 1827.538086 16.000000 110337300.000000 1.166108
4498006.544291 437638.536246 5038.260000 1830.237671 8.000000 110268000.000000 1.176302
4498006.544291 437668.536246 5068.260000 1832.098145 16.000000 110250000.000000 1.183513
4498036.544291 437698.536246 5110.680000 1834.390137 8.000000 110229300.000000 1.193711
4498036.544291 437728.536246 5140.680000 1835.381592 16.000000 110205900.000000 1.200923
4498066.544291 437758.536246 5183.100000 1836.833740 8.000000 110133900.000000 1.211123
4498066.544291 437788.536246 5213.100000 1837.643921 16.000000 107233200.000000 1.218338
4498096.544291 437818.536246 5255.520000 1839.359131 8.000000 107180100.000000 1.228664
4498096.544291 437848.536246 5285.520000 1840.836304 16.000000 107148600.000000 1.235968
4498126.544291 437878.536246 5327.940000 1843.289673 8.000000 107118000.000000 1.246297
4498126.544291 437908.536246 5357.940000 1845.326416 16.000000 107091000.000000 1.253603
4498156.544291 437938.536246 5400.360000 1847.828613 8.000000 107073000.000000 1.263935
4498186.544291 437968.536246 5442.780000 1850.554932 8.000000 107050500.000000 1.274268
4498186.544291 437998.536246 5472.780000 1851.903320 16.000000 107039700.000000 1.281576
4498216.544291 438028.536246 5515.200000 1853.643433 8.000000 107014500.000000 1.291910
4498246.544291 438058.536246 5557.620000 1855.125366 8.000000 106974900.000000 1.302246
4498276.544291 438088.536246 5600.040000 1856.553955 8.000000 106933500.000000 1.312583
4498306.544291 438118.536246 5642.460000 1858.424805 8.000000 102051000.000000 1.322921
4498306.544291 438148.536246 5672.460000 1860.190796 16.000000 101785500.000000 1.330389
4498336.544291 438178.536246 5714.880000 1863.252930 8.000000 101682000.000000 1.340959
4498366.544291 438208.536246 5757.300000 1867.240112 8.000000 101646000.000000 1.351535
4498396.544291 438238.536246 5799.720000 1871.689819 8.000000 101632500.000000 1.362113
4498426.544291 438268.536246 5842.140000 1876.024048 8.000000 101610900.000000 1.372691
4498456.544291 438298.536246 5884.560000 1879.915161 8.000000 101601900.000000 1.383270
4498486.544291 438328.536246 5926.980000 1883.626465 8.000000 101590200.000000 1.393849
4498486.544291 438358.536246 5956.980000 1885.815918 16.000000 101537100.000000 1.401332
4498486.544291 438388.536246 5986.980000 1888.267578 16.000000 101513700.000000 1.408816
4498516.544291 438418.536246 6029.400000 1890.556274 8.000000 101507400.000000 1.419399
4498516.544291 438448.536246 6059.400000 1891.993408 16.000000 101486700.000000 1.426884
4498516.544291 438478.536246 6089.400000 1893.521973 16.000000 101461500.000000 1.434370
4498516.544291 438508.536246 6119.400000 1895.184326 16.000000 101432700.000000 1.441857
4498486.544291 438538.536246 6161.820000 1897.044189 32.000000 101372400.000000 1.452444
4498486.544291 438568.536246 6191.820000 1898.116211 16.000000 101364300.000000 1.459934
4498486.544291 438598.536246 6221.820000 1899.213135 16.000000 101327400.000000 1.467424
4498486.544291 438628.536246 6251.820000 1900.482788 16.000000 101314800.000000 1.474915
4498456.544291 438658.536246 6294.240000 1901.587891 32.000000 101226600.000000 1.485508
4498456.544291 438688.536246 6324.240000 1902.316772 16.000000 101212200.000000 1.493002
4498426.544291 438718.536246 6366.660000 1904.334595 32.000000 97272000.000000 1.503600
4498426.544291 438748.536246 6396.660000 1905.577148 16.000000 97233300.000000 1.511230
4498396.544291 438778.536246 6439.080000 1908.641602 32.000000 97197300.000000 1.522021
4498396.544291 438808.536246 6469.080000 1911.196777 16.000000 97128900.000000 1.529653
4498366.544291 438838.536246 6511.500000 1915.231812 32.000000 97118100.000000 1.540450
4498336.544291 438868.536246 6553.920000 1920.522217 32.000000 97096500.000000 1.551246
4498336.544291 438898.536246 6583.920000 1924.449097 16.000000 97065000.000000 1.558882
4498306.544291 438928.536246 6626.340000 1930.860352 32.000000 97049700.000000 1.569682
4498306.544291 438958.536246 6656.340000 1935.453491 16.000000 97011000.000000 1.577319
4498306.544291 438988.536246 6686.340000 1940.703491 16.000000 96987600.000000 1.584959
4498276.544291 439018.536246 6728.760000 1946.321167 32.000000 96978600.000000 1.595762
4498276.544291 439048.536246 6758.760000 1949.983276 16.000000 96954300.000000 1.603402
4498276.544291 439078.536246 6788.760000 1953.219971 16.000000 96928200.000000 1.611044
4498276.544291 439108.536246 6818.760000 1955.882080 16.000000 96908400.000000 1.618686
4498276.544291 439138.536246 6848.760000 1957.966431 16.000000 96887700.000000 1.626329
4498276.544291 439168.536246 6878.760000 1959.604736 16.000000 96867900.000000 1.633972
4498276.544291 439198.536246 6908.760000 1961.028442 16.000000 96848100.000000 1.641617
4498276.544291 439228.536246 6938.760000 1962.537354 16.000000 96821100.000000 1.649262
4498276.544291 439258.536246 6968.760000 1964.453003 16.000000 87747300.000000 1.656908
4498276.544291 439288.536246 6998.760000 1967.076660 16.000000 87717600.000000 1.664900
4498306.544291 439318.536246 7041.180000 1971.549561 8.000000 87706800.000000 1.676203
4498306.544291 439348.536246 7071.180000 1975.165039 16.000000 87681600.000000 1.684196
4498336.544291 439378.536246 7113.600000 1980.803101 8.000000 87662700.000000 1.695501
4498336.544291 439408.536246 7143.600000 1984.640259 16.000000 87640200.000000 1.703497
4498336.544291 439438.536246 7173.600000 1988.982056 16.000000 87626700.000000 1.711493
4498366.544291 439468.536246 7216.020000 1994.261597 8.000000 87575400.000000 1.722801
4498366.544291 439498.536246 7246.020000 1997.668823 16.000000 87565500.000000 1.730801
4498366.544291 439528.536246 7276.020000 2001.025513 16.000000 87554700.000000 1.738800
4498366.544291 439558.536246 7306.020000 2004.207520 16.000000 87543000.000000 1.746800
4498366.544291 439588.536246 7336.020000 2007.109009 16.000000 87527700.000000 1.754801
4498366.544291 439618.536246 7366.020000 2009.626709 16.000000 87512400.000000 1.762802
4498366.544291 439648.536246 7396.020000 2011.665527 16.000000 87498000.000000 1.770804
4498366.544291 439678.536246 7426.020000 2013.173828 16.000000 87489000.000000 1.778806
4498366.544291 439708.536246 7456.020000 2014.185791 16.000000 87472800.000000 1.786809
4498366.544291 439738.536246 7486.020000 2014.854736 16.000000 87453900.000000 1.794813
4498366.544291 439768.536246 7516.020000 2015.443237 16.000000 87433200.000000 1.802817
4498396.544291 439798.536246 7558.440000 2016.153809 8.000000 87366600.000000 1.814136
4498396.544291 439828.536246 7588.440000 2017.048950 16.000000 87334200.000000 1.822144
4498396.544291 439858.536246 7618.440000 2018.608887 16.000000 86118300.000000 1.830153
4498396.544291 439888.536246 7648.440000 2020.832275 16.000000 85117500.000000 1.838213
4498396.544291 439918.536246 7678.440000 2023.566528 16.000000 85091400.000000 1.846315
4498396.544291 439948.536246 7708.440000 2026.586914 16.000000 85062600.000000 1.854419
4498396.544291 439978.536246 7738.440000 2029.700439 16.000000 85032900.000000 1.862524
4498396.544291 440008.536246 7768.440000 2032.803955 16.000000 84997800.000000 1.870630
4498366.544291 440038.536246 7810.860000 2036.707886 32.000000 84943800.000000 1.882094
4498366.544291 440068.536246 7840.860000 2039.057373 16.000000 84924900.000000 1.890204
4498366.544291 440098.536246 7870.860000 2041.182617 16.000000 84905100.000000 1.898314
4498366.544291 440128.536246 7900.860000 2043.168701 16.000000 84884400.000000 1.906426
4498366.544291 440158.536246 7930.860000 2045.138672 16.000000 84850200.000000 1.914538
4498336.544291 440188.536246 7973.280000 2046.250610 32.000000 84840300.000000 1.926011
4498336.544291 440218.536246 8003.280000 2046.660522 16.000000 84818700.000000 1.934125
4498306.544291 440278.536246 8075.700000 2047.166382 16.000000 84745800.000000 1.953716
4498306.544291 440308.536246 8105.700000 2047.786865 16.000000 84710700.000000 1.961834
4498306.544291 440338.536246 8135.700000 2049.116455 16.000000 84647700.000000 1.969954
4498306.544291 440368.536246 8165.700000 2051.077881 16.000000 84321900.000000 1.978076
4498306.544291 440398.536246 8195.700000 2053.647705 16.000000 84300300.000000 1.986213
4498306.544291 440428.536246 8225.700000 2056.906494 16.000000 84291300.000000 1.994351
4498336.544291 440458.536246 8268.120000 2061.448486 8.000000 84267900.000000 2.005858
4498336.544291 440488.536246 8298.120000 2064.975830 16.000000 84256200.000000 2.013997
4498366.544291 440518.536246 8340.540000 2068.721436 8.000000 84248100.000000 2.025506
4498486.544291 440728.536246 8600.220000 2071.392090 16.000000 84115800.000000 2.095965
4498516.544291 440758.536246 8642.640000 2073.007324 8.000000 77339700.000000 2.107483
4498516.544291 440788.536246 8672.640000 2074.977051 16.000000 76866300.000000 2.115943
4498546.544291 440818.536246 8715.060000 2077.693848 8.000000 76858200.000000 2.127937
4498576.544291 440848.536246 8757.480000 2079.995361 8.000000 76848300.000000 2.139933
4498606.544291 440878.536246 8799.900000 2082.065674 8.000000 76834800.000000 2.151929
4498606.544291 440908.536246 8829.900000 2083.834473 16.000000 76800600.000000 2.160413
4498636.544291 440938.536246 8872.320000 2086.687500 8.000000 76766400.000000 2.172412
4498636.544291 440968.536246 8902.320000 2089.489014 16.000000 76732200.000000 2.180900
4498666.544291 440998.536246 8944.740000 2094.034180 8.000000 76698900.000000 2.192904
4498666.544291 441028.536246 8974.740000 2097.278564 16.000000 76689000.000000 2.201395
4498696.544291 441058.536246 9017.160000 2101.436523 8.000000 76662900.000000 2.213402
4498696.544291 441088.536246 9047.160000 2103.931396 16.000000 76656600.000000 2.221895
4498726.544291 441118.536246 9089.580000 2106.050781 8.000000 76611600.000000 2.233905
4498756.544291 441148.536246 9132.000000 2108.182617 8.000000 76547700.000000 2.245917
4498756.544291 441178.536246 9162.000000 2109.667480 16.000000 76512600.000000 2.254416
4498786.544291 441208.536246 9204.420000 2112.197998 8.000000 76470300.000000 2.266436
4498816.544291 441238.536246 9246.840000 2115.322510 8.000000 76420800.000000 2.278458
4498846.544291 441268.536246 9289.260000 2118.012695 8.000000 76390200.000000 2.290485
4498876.544291 441298.536246 9331.680000 2119.513428 8.000000 76365000.000000 2.302513
4498906.544291 441358.536246 9404.100000 2119.983154 16.000000 76251600.000000 2.323051
4498936.544291 441388.536246 9446.520000 2120.133789 8.000000 76149000.000000 2.335089
4498936.544291 441418.536246 9476.520000 2120.680420 16.000000 75804300.000000 2.343608
4498966.544291 441448.536246 9518.940000 2122.029053 8.000000 75754800.000000 2.355678
4498966.544291 441478.536246 9548.940000 2122.679199 16.000000 75741300.000000 2.364216
4498966.544291 441508.536246 9578.940000 2123.752686 16.000000 75508200.000000 2.372755
4498996.544291 441538.536246 9621.360000 2125.045166 8.000000 75473100.000000 2.384847
4498996.544291 441568.536246 9651.360000 2125.229004 16.000000 75458700.000000 2.393400
4499116.544291 441838.536246 9971.040000 2125.555664 8.000000 75001500.000000 2.484547
4499146.544291 441868.536246 10013.460000 2125.957031 8.000000 74912400.000000 2.496675
4499176.544291 441898.536246 10055.880000 2127.609619 8.000000 74618100.000000 2.508810
4499176.544291 441928.536246 10085.880000 2129.010010 16.000000 74571300.000000 2.517407
4499206.544291 441958.536246 10128.300000 2132.461426 8.000000 74556000.000000 2.529566
4499236.544291 441988.536246 10170.720000 2137.199951 8.000000 74542500.000000 2.541727
4499236.544291 442018.536246 10200.720000 2140.587402 16.000000 74528100.000000 2.550328
4499266.544291 442048.536246 10243.140000 2145.229736 8.000000 74517300.000000 2.562490
4499266.544291 442078.536246 10273.140000 2148.134521 16.000000 74511900.000000 2.571092
4499326.544291 442228.536246 10447.980000 2150.331787 16.000000 74392200.000000 2.621227
4499326.544291 442258.536246 10477.980000 2150.791992 16.000000 74310300.000000 2.629836
4499326.544291 442288.536246 10507.980000 2151.775146 16.000000 70535700.000000 2.638449
4499266.544291 442498.536246 10742.820000 2152.495605 16.000000 69873300.000000 2.707471
4499266.544291 442528.536246 10772.820000 2153.059814 16.000000 69841800.000000 2.716326
4499266.544291 442558.536246 10802.820000 2154.113525 16.000000 69804900.000000 2.725182
4499266.544291 442588.536246 10832.820000 2155.462891 16.000000 69734700.000000 2.734041
4499266.544291 442618.536246 10862.820000 2156.896240 16.000000 69697800.000000 2.742904
4499266.544291 442648.536246 10892.820000 2158.264893 16.000000 69657300.000000 2.751769
4499266.544291 442678.536246 10922.820000 2159.549805 16.000000 69621300.000000 2.760636
4499266.544291 442708.536246 10952.820000 2160.899902 16.000000 69614100.000000 2.769505
4499296.544291 442738.536246 10995.240000 2162.594727 8.000000 68557500.000000 2.782047
4499296.544291 442768.536246 11025.240000 2164.087891 16.000000 68548500.000000 2.790978
4499506.544291 443068.536246 11412.180000 2164.790283 8.000000 68238900.000000 2.906176
4499506.544291 443098.536246 11442.180000 2164.803711 16.000000 68189400.000000 2.915125
4499536.544291 443128.536246 11484.600000 2164.873779 8.000000 68178600.000000 2.927784
4499536.544291 443158.536246 11514.600000 2165.079102 16.000000 67926600.000000 2.936738
4499566.544291 443188.536246 11557.020000 2165.414795 8.000000 67779000.000000 2.949419
4499566.544291 443218.536246 11587.020000 2165.716553 16.000000 67711500.000000 2.958395
4499596.544291 443278.536246 11659.440000 2166.313232 8.000000 67680000.000000 2.980076
4499596.544291 443308.536246 11689.440000 2166.827881 16.000000 67654800.000000 2.989058
4499596.544291 443338.536246 11719.440000 2167.557617 16.000000 67634100.000000 2.998043
4499626.544291 443368.536246 11761.860000 2168.575928 8.000000 67278600.000000 3.010748
4499626.544291 443398.536246 11791.860000 2169.454346 16.000000 67259700.000000 3.019755
4499626.544291 443428.536246 11821.860000 2170.500244 16.000000 67241700.000000 3.028763
4499626.544291 443458.536246 11851.860000 2171.674072 16.000000 67224600.000000 3.037772
4499626.544291 443488.536246 11881.860000 2172.933350 16.000000 67208400.000000 3.046783
4499626.544291 443518.536246 11911.860000 2174.223633 16.000000 67193100.000000 3.055794
4499626.544291 443548.536246 11941.860000 2175.501221 16.000000 67178700.000000 3.064806
4499626.544291 443578.536246 11971.860000 2176.744385 16.000000 67165200.000000 3.073819
4499626.544291 443608.536246 12001.860000 2177.980713 16.000000 67144500.000000 3.082833
4499626.544291 443638.536246 12031.860000 2179.297852 16.000000 67085100.000000 3.091848
4499626.544291 443668.536246 12061.860000 2180.834717 16.000000 67028400.000000 3.100866
4499626.544291 443698.536246 12091.860000 2182.760742 16.000000 228600.000000 3.109888
