4496806.544291 433468.536246 0.000000 1513.893311 32.000000 125351100.000000 0.000000
4496806.544291 433498.536246 30.000000 1516.287598 16.000000 125119800.000000 0.006807
4496776.544291 433528.536246 72.420000 1519.863037 32.000000 125042400.000000 0.016440
4496776.544291 433558.536246 102.420000 1522.056030 16.000000 124991100.000000 0.023255
4496776.544291 433588.536246 132.420000 1524.436646 16.000000 124958700.000000 0.030071
4496746.544291 433618.536246 174.840000 1527.342896 32.000000 124946100.000000 0.039710
4496746.544291 433648.536246 204.840000 1529.155396 16.000000 124885800.000000 0.046527
4496746.544291 433678.536246 234.840000 1530.951416 16.000000 122472900.000000 0.053345
4496716.544291 433708.536246 277.260000 1533.048584 32.000000 122447700.000000 0.063072
4496716.544291 433738.536246 307.260000 1534.296387 16.000000 122413500.000000 0.069951
4496716.544291 433768.536246 337.260000 1535.548950 16.000000 122391900.000000 0.076831
4496716.544291 433798.536246 367.260000 1536.803589 16.000000 122366700.000000 0.083712
4496716.544291 433828.536246 397.260000 1538.056519 16.000000 122364000.000000 0.090593
4496716.544291 433858.536246 427.260000 1539.305908 16.000000 122325300.000000 0.097475
4496716.544291 433888.536246 457.260000 1540.553711 16.000000 122172300.000000 0.104357
4496716.544291 433918.536246 487.260000 1541.806519 16.000000 122166000.000000 0.111243
4496716.544291 433948.536246 517.260000 1543.075928 16.000000 122151600.000000 0.118130
4496716.544291 433978.536246 547.260000 1544.386841 16.000000 122144400.000000 0.125017
4496716.544291 434008.536246 577.260000 1545.780151 16.000000 122130000.000000 0.131904
4496716.544291 434038.536246 607.260000 1547.318115 16.000000 122110200.000000 0.138791
4496716.544291 434068.536246 637.260000 1549.081665 16.000000 122080500.000000 0.145679
4496716.544291 434098.536246 667.260000 1551.155640 16.000000 121960800.000000 0.152567
4496716.544291 434128.536246 697.260000 1553.602783 16.000000 121942800.000000 0.159459
4496716.544291 434158.536246 727.260000 1556.437988 16.000000 121930200.000000 0.166351
4496716.544291 434188.536246 757.260000 1559.611694 16.000000 121927500.000000 0.173243
4496716.544291 434218.536246 787.260000 1563.016479 16.000000 121914000.000000 0.180136
4496746.544291 434248.536246 829.680000 1567.312134 8.000000 121713300.000000 0.189882
4496746.544291 434278.536246 859.680000 1570.036865 16.000000 121699800.000000 0.196780
4496746.544291 434308.536246 889.680000 1572.568359 16.000000 121669200.000000 0.203679
4496776.544291 434338.536246 932.100000 1575.426636 8.000000 121590000.000000 0.213434
4496776.544291 434368.536246 962.100000 1576.704834 16.000000 121572000.000000 0.220335
4496776.544291 434398.536246 992.100000 1578.141235 16.000000 121552200.000000 0.227237
4496806.544291 434428.536246 1034.520000 1579.183594 8.000000 121471200.000000 0.236996
4496806.544291 434458.536246 1064.520000 1580.242310 16.000000 121428000.000000 0.243900
4496836.544291 434488.536246 1106.940000 1581.213501 8.000000 121344300.000000 0.253664
4496836.544291 434518.536246 1136.940000 1582.245850 16.000000 121305600.000000 0.260571
4496866.544291 434548.536246 1179.360000 1583.522095 8.000000 121228200.000000 0.270340
4496866.544291 434578.536246 1209.360000 1584.637573 16.000000 121200300.000000 0.277250
4496896.544291 434608.536246 1251.780000 1586.261597 8.000000 121150800.000000 0.287022
4496896.544291 434638.536246 1281.780000 1587.543091 16.000000 121129200.000000 0.293935
4496926.544291 434668.536246 1324.200000 1589.358643 8.000000 121097700.000000 0.303710
4496926.544291 434698.536246 1354.200000 1590.869507 16.000000 121081500.000000 0.310623
4496956.544291 434728.536246 1396.620000 1592.731934 8.000000 121042800.000000 0.320400
4496956.544291 434758.536246 1426.620000 1594.343140 16.000000 121032000.000000 0.327315
4496986.544291 434788.536246 1469.040000 1596.032715 8.000000 120803400.000000 0.337093
4496986.544291 434818.536246 1499.040000 1597.459717 16.000000 120780900.000000 0.344015
4497016.544291 434848.536246 1541.460000 1598.723145 8.000000 120705300.000000 0.353802
4497016.544291 434878.536246 1571.460000 1600.025757 16.000000 120651300.000000 0.360726
4497046.544291 434908.536246 1613.880000 1601.009155 8.000000 120581100.000000 0.370518
4497076.544291 434938.536246 1656.300000 1602.411133 8.000000 120537900.000000 0.380313
4497106.544291 434968.536246 1698.720000 1604.034180 8.000000 120452400.000000 0.390109
4497136.544291 434998.536246 1741.140000 1605.728149 8.000000 120389400.000000 0.399909
4497166.544291 435028.536246 1783.560000 1607.545532 8.000000 120332700.000000 0.409711
4497196.544291 435058.536246 1825.980000 1609.696411 8.000000 120280500.000000 0.419514
4497226.544291 435088.536246 1868.400000 1612.281860 8.000000 119808000.000000 0.429320
4497256.544291 435118.536246 1910.820000 1615.046509 8.000000 119801700.000000 0.439143
4497286.544291 435148.536246 1953.240000 1617.557129 8.000000 119796300.000000 0.448967
4497316.544291 435178.536246 1995.660000 1619.747192 8.000000 119790000.000000 0.458790
4497316.544291 435208.536246 2025.660000 1621.559692 16.000000 119755800.000000 0.465738
4497316.544291 435238.536246 2055.660000 1623.437012 16.000000 118924200.000000 0.472686
4497316.544291 435268.536246 2085.660000 1625.091431 16.000000 118922400.000000 0.479657
4497316.544291 435298.536246 2115.660000 1626.420166 16.000000 118915200.000000 0.486627
4497316.544291 435328.536246 2145.660000 1627.522827 16.000000 118905300.000000 0.493598
4497316.544291 435358.536246 2175.660000 1628.664917 16.000000 118894500.000000 0.500568
4497286.544291 435388.536246 2218.080000 1630.471191 32.000000 118843200.000000 0.510425
4497286.544291 435418.536246 2248.080000 1631.580078 16.000000 118821600.000000 0.517398
4497286.544291 435448.536246 2278.080000 1633.399048 16.000000 118796400.000000 0.524371
4497256.544291 435478.536246 2320.500000 1636.029297 32.000000 118761300.000000 0.534231
4497256.544291 435508.536246 2350.500000 1638.284424 16.000000 118730700.000000 0.541206
4497256.544291 435538.536246 2380.500000 1641.069336 16.000000 118711800.000000 0.548181
4497226.544291 435568.536246 2422.920000 1645.175537 32.000000 118670400.000000 0.558045
4497226.544291 435598.536246 2452.920000 1647.912598 16.000000 118650600.000000 0.565022
4497226.544291 435628.536246 2482.920000 1650.785278 16.000000 118626300.000000 0.572000
4497226.544291 435658.536246 2512.920000 1653.738525 16.000000 118598400.000000 0.578978
4497226.544291 435688.536246 2542.920000 1656.738892 16.000000 118579500.000000 0.585957
4497196.544291 435718.536246 2585.340000 1660.352661 32.000000 118569600.000000 0.595826
4497196.544291 435748.536246 2615.340000 1662.234131 16.000000 118541700.000000 0.602805
4497196.544291 435778.536246 2645.340000 1663.937500 16.000000 118529100.000000 0.609786
4497196.544291 435808.536246 2675.340000 1665.427246 16.000000 118503000.000000 0.616766
4497196.544291 435838.536246 2705.340000 1666.716187 16.000000 118476900.000000 0.623748
4497196.544291 435868.536246 2735.340000 1667.886719 16.000000 118467000.000000 0.630730
4497196.544291 435898.536246 2765.340000 1669.089355 16.000000 118440900.000000 0.637712
4497166.544291 435928.536246 2807.760000 1670.274292 32.000000 118375200.000000 0.647586
4497166.544291 435958.536246 2837.760000 1671.273438 16.000000 118368000.000000 0.654571
4497166.544291 435988.536246 2867.760000 1672.625610 16.000000 118314000.000000 0.661556
4497166.544291 436018.536246 2897.760000 1674.268066 16.000000 118260000.000000 0.668543
4497166.544291 436048.536246 2927.760000 1676.042847 16.000000 118195200.000000 0.675530
4497166.544291 436078.536246 2957.760000 1677.742554 16.000000 117591300.000000 0.682520
4497166.544291 436108.536246 2987.760000 1679.178223 16.000000 117590400.000000 0.689526
4497166.544291 436138.536246 3017.760000 1680.248291 16.000000 117565200.000000 0.696531
4497166.544291 436168.536246 3047.760000 1680.981323 16.000000 117540900.000000 0.703538
4497166.544291 436198.536246 3077.760000 1681.543091 16.000000 117509400.000000 0.710545
4497166.544291 436228.536246 3107.760000 1682.198975 16.000000 116370000.000000 0.717553
4497166.544291 436258.536246 3137.760000 1683.235474 16.000000 116308800.000000 0.724592
4497196.544291 436288.536246 3180.180000 1684.449219 8.000000 116279100.000000 0.734547
4497196.544291 436318.536246 3210.180000 1685.777588 16.000000 116171100.000000 0.741588
4497226.544291 436348.536246 3252.600000 1687.527832 8.000000 116159400.000000 0.751548
4497226.544291 436378.536246 3282.600000 1688.961670 16.000000 116137800.000000 0.758593
4497226.544291 436408.536246 3312.600000 1690.624878 16.000000 116089200.000000 0.765638
4497226.544291 436438.536246 3342.600000 1692.374878 16.000000 115833600.000000 0.772684
4497226.544291 436468.536246 3372.600000 1694.291748 16.000000 115810200.000000 0.779737
4497226.544291 436498.536246 3402.600000 1696.696167 16.000000 115782300.000000 0.786791
4497196.544291 436528.536246 3445.020000 1701.308350 32.000000 115763400.000000 0.796767
4497196.544291 436558.536246 3475.020000 1705.453613 16.000000 115739100.000000 0.803822
4497166.544291 436588.536246 3517.440000 1712.579224 32.000000 115728300.000000 0.813799
4497166.544291 436618.536246 3547.440000 1718.535034 16.000000 113568300.000000 0.820855
4497166.544291 436648.536246 3577.440000 1725.357666 16.000000 113567400.000000 0.827972
4497166.544291 436678.536246 3607.440000 1732.537842 16.000000 113566500.000000 0.835088
4497166.544291 436708.536246 3637.440000 1739.552368 16.000000 113565600.000000 0.842204
4497166.544291 436738.536246 3667.440000 1746.019043 16.000000 113564700.000000 0.849321
4497166.544291 436768.536246 3697.440000 1751.759033 16.000000 113559300.000000 0.856437
4497166.544291 436798.536246 3727.440000 1756.786377 16.000000 113554800.000000 0.863554
4497166.544291 436828.536246 3757.440000 1761.223633 16.000000 113549400.000000 0.870671
4497166.544291 436858.536246 3787.440000 1765.198242 16.000000 113545800.000000 0.877787
4497166.544291 436888.536246 3817.440000 1768.775879 16.000000 113541300.000000 0.884904
4497166.544291 436918.536246 3847.440000 1771.953613 16.000000 113538600.000000 0.892021
4497166.544291 436948.536246 3877.440000 1774.730591 16.000000 113532300.000000 0.899139
4497196.544291 436978.536246 3919.860000 1776.938110 8.000000 113183100.000000 0.909203
4497436.544291 437068.536246 4197.120000 1777.620728 4.000000 112893300.000000 0.975072
4497466.544291 437098.536246 4239.540000 1778.444214 8.000000 112877100.000000 0.985162
4497496.544291 437128.536246 4281.960000 1780.438721 8.000000 112836600.000000 0.995252
4497526.544291 437158.536246 4324.380000 1783.372437 8.000000 112828500.000000 1.005344
4497556.544291 437188.536246 4366.800000 1786.784668 8.000000 112798800.000000 1.015436
4497586.544291 437218.536246 4409.220000 1790.017944 8.000000 112734900.000000 1.025529
4497616.544291 437248.536246 4451.640000 1792.522949 8.000000 112707900.000000 1.035625
4497646.544291 437278.536246 4494.060000 1794.295410 8.000000 112494600.000000 1.045722
4497676.544291 437308.536246 4536.480000 1796.087646 8.000000 110767500.000000 1.055828
4497706.544291 437308.536246 4566.480000 1797.362915 4.000000 110751300.000000 1.063024
4497736.544291 437338.536246 4608.900000 1800.404541 8.000000 110676600.000000 1.073201
4497766.544291 437338.536246 4638.900000 1803.005737 4.000000 110627100.000000 1.080401
4497796.544291 437368.536246 4681.320000 1808.182251 8.000000 110620800.000000 1.090583
4497826.544291 437398.536246 4723.740000 1814.210815 8.000000 110585700.000000 1.100765
4497856.544291 437428.536246 4766.160000 1819.284790 8.000000 110584800.000000 1.110949
4497886.544291 437458.536246 4808.580000 1822.174683 8.000000 110566800.000000 1.121132
4497916.544291 437488.536246 4851.000000 1823.067505 8.000000 110550600.000000 1.131317
4497946.544291 437518.536246 4893.420000 1823.414795 8.000000 110446200.000000 1.141502
4497946.544291 437548.536246 4923.420000 1824.191650 16.000000 110419200.000000 1.148708
4497976.544291 437578.536246 4965.840000 1825.589722 8.000000 110352600.000000 1.158899
4497976.544291 437608.536246 4995.840000 1827.538086 16.000000 110337300.000000 1.166108
4498006.544291 437638.536246 5038.260000 1830.237671 8.000000 110268000.000000 1.176302
4498006.544291 437668.536246 5068.260000 1832.098145 16.000000 110250000.000000 1.183513
4498036.544291 437698.536246 5110.680000 1834.390137 8.000000 110229300.000000 1.193711
4498036.544291 437728.536246 5140.680000 1835.381592 16.000000 110205900.000000 1.200923
4498066.544291 437758.536246 5183.100000 1836.833740 8.000000 110133900.000000 1.211123
4498066.544291 437788.536246 5213.100000 1837.643921 16.000000 107233200.000000 1.218338
4498096.544291 437818.536246 5255.520000 1839.359131 8.000000 107180100.000000 1.228664
4498096.544291 437848.536246 5285.520000 1840.836304 16.000000 107148600.000000 1.235968
4498126.544291 437878.536246 5327.940000 1843.289673 8.000000 107118000.000000 1.246297
4498126.544291 437908.536246 5357.940000 1845.326416 16.000000 107091000.000000 1.253603
4498156.544291 437938.536246 5400.360000 1847.828613 8.000000 107073000.000000 1.263935
4498186.544291 437968.536246 5442.780000 1850.554932 8.000000 107050500.000000 1.274268
4498186.544291 437998.536246 5472.780000 1851.903320 16.000000 107039700.000000 1.281576
4498216.544291 438028.536246 5515.200000 1853.643433 8.000000 107014500.000000 1.291910
4498246.544291 438058.536246 5557.620000 1855.125366 8.000000 106974900.000000 1.302246
4498276.544291 438088.536246 5600.040000 1856.553955 8.000000 106933500.000000 1.312583
4498306.544291 438118.536246 5642.460000 1858.424805 8.000000 102051000.000000 1.322921
4498306.544291 438148.536246 5672.460000 1860.190796 16.000000 101785500.000000 1.330389
4498336.544291 438178.536246 5714.880000 1863.252930 8.000000 101682000.000000 1.340959
4498366.544291 438208.536246 5757.300000 1867.240112 8.000000 101646000.000000 1.351535
4498396.544291 438238.536246 5799.720000 1871.689819 8.000000 101632500.000000 1.362113
4498426.544291 438268.536246 5842.140000 1876.024048 8.000000 101610900.000000 1.372691
4498456.544291 438298.536246 5884.560000 1879.915161 8.000000 101601900.000000 1.383270
4498486.544291 438328.536246 5926.980000 1883.626465 8.000000 101590200.000000 1.393849
4498486.544291 438358.536246 5956.980000 1885.815918 16.000000 101537100.000000 1.401332
4498486.544291 438388.536246 5986.980000 1888.267578 16.000000 101513700.000000 1.408816
4498516.544291 438418.536246 6029.400000 1890.556274 8.000000 101507400.000000 1.419399
4498516.544291 438448.536246 6059.400000 1891.993408 16.000000 101486700.000000 1.426884
4498516.544291 438478.536246 6089.400000 1893.521973 16.000000 101461500.000000 1.434370
4498516.544291 438508.536246 6119.400000 1895.184326 16.000000 101432700.000000 1.441857
4498486.544291 438538.536246 6161.820000 1897.044189 32.000000 101372400.000000 1.452444
4498486.544291 438568.536246 6191.820000 1898.116211 16.000000 101364300.000000 1.459934
4498486.544291 438598.536246 6221.820000 1899.213135 16.000000 101327400.000000 1.467424
4498486.544291 438628.536246 6251.820000 1900.482788 16.000000 101314800.000000 1.474915
4498456.544291 438658.536246 6294.240000 1901.587891 32.000000 101226600.000000 1.485508
4498456.544291 438688.536246 6324.240000 1902.316772 16.000000 101212200.000000 1.493002
4498426.544291 438718.536246 6366.660000 1904.334595 32.000000 97272000.000000 1.503600
4498426.544291 438748.536246 6396.660000 1905.577148 16.000000 97233300.000000 1.511230
4498396.544291 438778.536246 6439.080000 1908.641602 32.000000 97197300.000000 1.522021
4498396.544291 438808.536246 6469.080000 1911.196777 16.000000 97128900.000000 1.529653
4498366.544291 438838.536246 6511.500000 1915.231812 32.000000 97118100.000000 1.540450
4498336.544291 438868.536246 6553.920000 1920.522217 32.000000 97096500.000000 1.551246
4498336.544291 438898.536246 6583.920000 1924.449097 16.000000 97065000.000000 1.558882
4498306.544291 438928.536246 6626.340000 1930.860352 32.000000 97049700.000000 1.569682
4498306.544291 438958.536246 6656.340000 1935.453491 16.000000 97011000.000000 1.577319
4498306.544291 438988.536246 6686.340000 1940.703491 16.000000 96987600.000000 1.584959
4498276.544291 439018.536246 6728.760000 1946.321167 32.000000 96978600.000000 1.595762
4498276.544291 439048.536246 6758.760000 1949.983276 16.000000 96954300.000000 1.603402
4498276.544291 439078.536246 6788.760000 1953.219971 16.000000 96928200.000000 1.611044
4498276.544291 439108.536246 6818.760000 1955.882080 16.000000 96908400.000000 1.618686
4498276.544291 439138.536246 6848.760000 1957.966431 16.000000 96887700.000000 1.626329
4498276.544291 439168.536246 6878.760000 1959.604736 16.000000 96867900.000000 1.633972
4498276.544291 439198.536246 6908.760000 1961.028442 16.000000 96848100.000000 1.641617
4498276.544291 439228.536246 6938.760000 1962.537354 16.000000 96821100.000000 1.649262
4498276.544291 439258.536246 6968.760000 1964.453003 16.000000 87747300.000000 1.656908
4498276.544291 439288.536246 6998.760000 1967.076660 16.000000 87717600.000000 1.664900
4498306.544291 439318.536246 7041.180000 1971.549561 8.000000 87706800.000000 1.676203
4498306.544291 439348.536246 7071.180000 1975.165039 16.000000 87681600.000000 1.684196
4498336.544291 439378.536246 7113.600000 1980.803101 8.000000 87662700.000000 1.695501
4498336.544291 439408.536246 7143.600000 1984.640259 16.000000 87640200.000000 1.703497
4498336.544291 439438.536246 7173.600000 1988.982056 16.000000 87626700.000000 1.711493
4498366.544291 439468.536246 7216.020000 1994.261597 8.000000 87575400.000000 1.722801
4498366.544291 439498.536246 7246.020000 1997.668823 16.000000 87565500.000000 1.730801
4498366.544291 439528.536246 7276.020000 2001.025513 16.000000 87554700.000000 1.738800
4498366.544291 439558.536246 7306.020000 2004.207520 16.000000 87543000.000000 1.746800
4498366.544291 439588.536246 7336.020000 2007.109009 16.000000 87527700.000000 1.754801
4498366.544291 439618.536246 7366.020000 2009.626709 16.000000 87512400.000000 1.762802
4498366.544291 439648.536246 7396.020000 2011.665527 16.000000 87498000.000000 1.770804
4498366.544291 439678.536246 7426.020000 2013.173828 16.000000 87489000.000000 1.778806
4498366.544291 439708.536246 7456.020000 2014.185791 16.000000 87472800.000000 1.786809
4498366.544291 439738.536246 7486.020000 2014.854736 16.000000 87453900.000000 1.794813
4498366.544291 439768.536246 7516.020000 2015.443237 16.000000 87433200.000000 1.802817
4498396.544291 439798.536246 7558.440000 2016.153809 8.000000 87366600.000000 1.814136
4498396.544291 439828.536246 7588.440000 2017.048950 16.000000 87334200.000000 1.822144
4498426.544291 439828.536246 7618.440000 2021.423340 4.000000 1215000.000000 1.830153
4498456.544291 439828.536246 7648.440000 2030.337891 4.000000 1214100.000000 1.884989
4498486.544291 439828.536246 7678.440000 2043.035889 4.000000 1213200.000000 1.939843
4498516.544291 439828.536246 7708.440000 2058.451416 4.000000 1212300.000000 1.994715
4498546.544291 439828.536246 7738.440000 2075.377197 4.000000 1211400.000000 2.049605
4498576.544291 439828.536246 7768.440000 2092.583740 4.000000 1210500.000000 2.104514
4498606.544291 439828.536246 7798.440000 2108.932617 4.000000 1209600.000000 2.159441
4498636.544291 439828.536246 7828.440000 2123.517578 4.000000 1208700.000000 2.214387
4498666.544291 439828.536246 7858.440000 2135.820068 4.000000 1207800.000000 2.269351
4498696.544291 439828.536246 7888.440000 2145.795166 4.000000 1206900.000000 2.324333
4498726.544291 439828.536246 7918.440000 2153.800781 4.000000 1206000.000000 2.379334
4498756.544291 439828.536246 7948.440000 2160.435059 4.000000 1198800.000000 2.434353
4498786.544291 439828.536246 7978.440000 2166.301758 4.000000 1191600.000000 2.489521
4498816.544291 439828.536246 8008.440000 2171.793457 4.000000 1187100.000000 2.544838
4498846.544291 439828.536246 8038.440000 2177.046631 4.000000 1183500.000000 2.600250
4498876.544291 439828.536246 8068.440000 2182.026611 4.000000 1180800.000000 2.655738
4498906.544291 439828.536246 8098.440000 2186.677490 4.000000 1175400.000000 2.711282
4498936.544291 439828.536246 8128.440000 2191.049561 4.000000 1167300.000000 2.766941
4498966.544291 439828.536246 8158.440000 2195.354980 4.000000 1145700.000000 2.822774
4498996.544291 439828.536246 8188.440000 2199.917480 4.000000 1138500.000000 2.879078
4499026.544291 439828.536246 8218.440000 2205.043457 4.000000 1130400.000000 2.935542
4499056.544291 439828.536246 8248.440000 2210.913330 4.000000 1124100.000000 2.992188
4499086.544291 439828.536246 8278.440000 2217.528076 4.000000 1117800.000000 3.048976
4499116.544291 439828.536246 8308.440000 2224.735107 4.000000 1111500.000000 3.105908
4499146.544291 439828.536246 8338.440000 2232.303955 4.000000 1105200.000000 3.162985
4499176.544291 439828.536246 8368.440000 2240.003906 4.000000 1098900.000000 3.220209
4499206.544291 439828.536246 8398.440000 2247.634766 4.000000 1092600.000000 3.277579
4499236.544291 439828.536246 8428.440000 2255.020752 4.000000 1086300.000000 3.335099
4499266.544291 439828.536246 8458.440000 2262.020508 4.000000 1080000.000000 3.392768
4499296.544291 439828.536246 8488.440000 2268.569092 4.000000 1073700.000000 3.450588
4499326.544291 439828.536246 8518.440000 2274.740479 4.000000 1066500.000000 3.508561
4499356.544291 439828.536246 8548.440000 2280.777344 4.000000 1059300.000000 3.566710
4499386.544291 439828.536246 8578.440000 2287.062744 4.000000 1052100.000000 3.625036
4499416.544291 439828.536246 8608.440000 2294.000000 4.000000 1044900.000000 3.683541
4499446.544291 439798.536246 8650.860000 2304.283203 2.000000 1026000.000000 3.766524
4499476.544291 439798.536246 8680.860000 2312.225586 4.000000 1018800.000000 3.825694
4499506.544291 439768.536246 8723.280000 2323.673096 2.000000 997200.000000 3.909627
4499536.544291 439768.536246 8753.280000 2332.509521 4.000000 904500.000000 3.969560
4499566.544291 439768.536246 8783.280000 2342.153076 4.000000 903600.000000 4.032184
4499596.544291 439768.536246 8813.280000 2352.513184 4.000000 902700.000000 4.094835
4499626.544291 439768.536246 8843.280000 2363.523193 4.000000 901800.000000 4.157515
4499656.544291 439768.536246 8873.280000 2375.090088 4.000000 900900.000000 4.220223
4499686.544291 439768.536246 8903.280000 2387.058594 4.000000 900000.000000 4.282959
4499716.544291 439768.536246 8933.280000 2399.221680 4.000000 899100.000000 4.345723
4499746.544291 439768.536246 8963.280000 2411.363770 4.000000 890100.000000 4.408515
4499776.544291 439768.536246 8993.280000 2423.295410 4.000000 880200.000000 4.471593
4499806.544291 439768.536246 9023.280000 2434.918457 4.000000 869400.000000 4.534988
4499836.544291 439768.536246 9053.280000 2446.218506 4.000000 857700.000000 4.598737
4499866.544291 439768.536246 9083.280000 2457.215820 4.000000 852300.000000 4.662876
4499896.544291 439768.536246 9113.280000 2467.915039 4.000000 847800.000000 4.727197
4499926.544291 439768.536246 9143.280000 2478.261719 4.000000 841500.000000 4.791672
4499956.544291 439798.536246 9185.700000 2490.881592 8.000000 801900.000000 4.883146
4499986.544291 439798.536246 9215.700000 2499.097900 4.000000 795600.000000 4.949256
4500016.544291 439798.536246 9245.700000 2506.644287 4.000000 792900.000000 5.015601
4500046.544291 439798.536246 9275.700000 2513.516846 4.000000 785700.000000 5.082047
4500076.544291 439798.536246 9305.700000 2519.791016 4.000000 777600.000000 5.148767
4500106.544291 439798.536246 9335.700000 2525.612793 4.000000 768600.000000 5.215799
4500136.544291 439798.536246 9365.700000 2531.163574 4.000000 758700.000000 5.283183
4500166.544291 439828.536246 9408.120000 2537.780029 8.000000 663300.000000 5.379021
4500196.544291 439828.536246 9438.120000 2542.239014 4.000000 644400.000000 5.451025
4500226.544291 439828.536246 9468.120000 2546.845459 4.000000 632700.000000 5.523970
4500256.544291 439828.536246 9498.120000 2551.723389 4.000000 574200.000000 5.597520
4500286.544291 439858.536246 9540.540000 2558.690186 8.000000 556200.000000 5.706161
4500316.544291 439858.536246 9570.540000 2563.696533 4.000000 482400.000000 5.784102
4500346.544291 439858.536246 9600.540000 2569.537842 4.000000 460800.000000 5.867200
4500376.544291 439888.536246 9642.960000 2578.018311 8.000000 444600.000000 5.987147
4500406.544291 439918.536246 9685.380000 2587.558594 8.000000 410400.000000 6.109042
4500436.544291 439918.536246 9715.380000 2594.332031 4.000000 293400.000000 6.198409
4500466.544291 439948.536246 9757.800000 2604.629150 8.000000 202500.000000 6.345374
4500496.544291 439948.536246 9787.800000 2612.220703 4.000000 185400.000000 6.468183
