4496806.544291 433468.536246 0.000000 1513.893311 32.000000 125351100.000000 0.000000
4496806.544291 433498.536246 30.000000 1516.287598 16.000000 125119800.000000 0.006807
4496776.544291 433528.536246 72.420000 1519.863037 32.000000 125042400.000000 0.016440
4496776.544291 433558.536246 102.420000 1522.056030 16.000000 124991100.000000 0.023255
4496776.544291 433588.536246 132.420000 1524.436646 16.000000 124958700.000000 0.030071
4496746.544291 433618.536246 174.840000 1527.342896 32.000000 124946100.000000 0.039710
4496746.544291 433648.536246 204.840000 1529.155396 16.000000 124885800.000000 0.046527
4496746.544291 433678.536246 234.840000 1530.951416 16.000000 122472900.000000 0.053345
4496716.544291 433708.536246 277.260000 1533.048584 32.000000 122447700.000000 0.063072
4496716.544291 433738.536246 307.260000 1534.296387 16.000000 122413500.000000 0.069951
4496716.544291 433768.536246 337.260000 1535.548950 16.000000 122391900.000000 0.076831
4496716.544291 433798.536246 367.260000 1536.803589 16.000000 122366700.000000 0.083712
4496716.544291 433828.536246 397.260000 1538.056519 16.000000 122364000.000000 0.090593
4496716.544291 433858.536246 427.260000 1539.305908 16.000000 122325300.000000 0.097475
4496716.544291 433888.536246 457.260000 1540.553711 16.000000 122172300.000000 0.104357
4496716.544291 433918.536246 487.260000 1541.806519 16.000000 122166000.000000 0.111243
4496716.544291 433948.536246 517.260000 1543.075928 16.000000 122151600.000000 0.118130
4496716.544291 433978.536246 547.260000 1544.386841 16.000000 122144400.000000 0.125017
4496716.544291 434008.536246 577.260000 1545.780151 16.000000 122130000.000000 0.131904
4496716.544291 434038.536246 607.260000 1547.318115 16.000000 122110200.000000 0.138791
4496716.544291 434068.536246 637.260000 1549.081665 16.000000 122080500.000000 0.145679
4496716.544291 434098.536246 667.260000 1551.155640 16.000000 121960800.000000 0.152567
4496716.544291 434128.536246 697.260000 1553.602783 16.000000 121942800.000000 0.159459
4496716.544291 434158.536246 727.260000 1556.437988 16.000000 121930200.000000 0.166351
4496716.544291 434188.536246 757.260000 1559.611694 16.000000 121927500.000000 0.173243
4496716.544291 434218.536246 787.260000 1563.016479 16.000000 121914000.000000 0.180136
4496746.544291 434248.536246 829.680000 1567.312134 8.000000 121713300.000000 0.189882
4496746.544291 434278.536246 859.680000 1570.036865 16.000000 121699800.000000 0.196780
4496746.544291 434308.536246 889.680000 1572.568359 16.000000 121669200.000000 0.203679
4496776.544291 434338.536246 932.100000 1575.426636 8.000000 121590000.000000 0.213434
4496776.544291 434368.536246 962.100000 1576.704834 16.000000 121572000.000000 0.220335
4496776.544291 434398.536246 992.100000 1578.141235 16.000000 121552200.000000 0.227237
4496806.544291 434428.536246 1034.520000 1579.183594 8.000000 121471200.000000 0.236996
4496806.544291 434458.536246 1064.520000 1580.242310 16.000000 121428000.000000 0.243900
4496836.544291 434488.536246 1106.940000 1581.213501 8.000000 121344300.000000 0.253664
4496836.544291 434518.536246 1136.940000 1582.245850 16.000000 121305600.000000 0.260571
4496866.544291 434548.536246 1179.360000 1583.522095 8.000000 121228200.000000 0.270340
4496866.544291 434578.536246 1209.360000 1584.637573 16.000000 121200300.000000 0.277250
4496896.544291 434608.536246 1251.780000 1586.261597 8.000000 121150800.000000 0.287022
4496896.544291 434638.536246 1281.780000 1587.543091 16.000000 121129200.000000 0.293935
4496926.544291 434668.536246 1324.200000 1589.358643 8.000000 121097700.000000 0.303710
4496926.544291 434698.536246 1354.200000 1590.869507 16.000000 121081500.000000 0.310623
4496956.544291 434728.536246 1396.620000 1592.731934 8.000000 121042800.000000 0.320400
4496956.544291 434758.536246 1426.620000 1594.343140 16.000000 121032000.000000 0.327315
4496986.544291 434788.536246 1469.040000 1596.032715 8.000000 120803400.000000 0.337093
4496986.544291 434818.536246 1499.040000 1597.459717 16.000000 120780900.000000 0.344015
4497016.544291 434848.536246 1541.460000 1598.723145 8.000000 120705300.000000 0.353802
4497016.544291 434878.536246 1571.460000 1600.025757 16.000000 120651300.000000 0.360726
4497046.544291 434908.536246 1613.880000 1601.009155 8.000000 120581100.000000 0.370518
4497076.544291 434938.536246 1656.300000 1602.411133 8.000000 120537900.000000 0.380313
4497106.544291 434968.536246 1698.720000 1604.034180 8.000000 120452400.000000 0.390109
4497136.544291 434998.536246 1741.140000 1605.728149 8.000000 120389400.000000 0.399909
4497166.544291 435028.536246 1783.560000 1607.545532 8.000000 120332700.000000 0.409711
4497196.544291 435058.536246 1825.980000 1609.696411 8.000000 120280500.000000 0.419514
4497226.544291 435088.536246 1868.400000 1612.281860 8.000000 119808000.000000 0.429320
4497256.544291 435118.536246 1910.820000 1615.046509 8.000000 119801700.000000 0.439143
4497286.544291 435148.536246 1953.240000 1617.557129 8.000000 119796300.000000 0.448967
4497316.544291 435178.536246 1995.660000 1619.747192 8.000000 119790000.000000 0.458790
4497316.544291 435208.536246 2025.660000 1621.559692 16.000000 119755800.000000 0.465738
4497316.544291 435238.536246 2055.660000 1623.437012 16.000000 118924200.000000 0.472686
4497316.544291 435268.536246 2085.660000 1625.091431 16.000000 118922400.000000 0.479657
4497316.544291 435298.536246 2115.660000 1626.420166 16.000000 118915200.000000 0.486627
4497316.544291 435328.536246 2145.660000 1627.522827 16.000000 118905300.000000 0.493598
4497316.544291 435358.536246 2175.660000 1628.664917 16.000000 118894500.000000 0.500568
4497286.544291 435388.536246 2218.080000 1630.471191 32.000000 118843200.000000 0.510425
4497286.544291 435418.536246 2248.080000 1631.580078 16.000000 118821600.000000 0.517398
4497286.544291 435448.536246 2278.080000 1633.399048 16.000000 118796400.000000 0.524371
4497256.544291 435478.536246 2320.500000 1636.029297 32.000000 118761300.000000 0.534231
4497256.544291 435508.536246 2350.500000 1638.284424 16.000000 118730700.000000 0.541206
4497256.544291 435538.536246 2380.500000 1641.069336 16.000000 118711800.000000 0.548181
4497226.544291 435568.536246 2422.920000 1645.175537 32.000000 118670400.000000 0.558045
4497226.544291 435598.536246 2452.920000 1647.912598 16.000000 118650600.000000 0.565022
4497226.544291 435628.536246 2482.920000 1650.785278 16.000000 118626300.000000 0.572000
4497226.544291 435658.536246 2512.920000 1653.738525 16.000000 118598400.000000 0.578978
4497226.544291 435688.536246 2542.920000 1656.738892 16.000000 118579500.000000 0.585957
4497196.544291 435718.536246 2585.340000 1660.352661 32.000000 118569600.000000 0.595826
4497196.544291 435748.536246 2615.340000 1662.234131 16.000000 118541700.000000 0.602805
4497196.544291 435778.536246 2645.340000 1663.937500 16.000000 118529100.000000 0.609786
4497196.544291 435808.536246 2675.340000 1665.427246 16.000000 118503000.000000 0.616766
4497196.544291 435838.536246 2705.340000 1666.716187 16.000000 118476900.000000 0.623748
4497196.544291 435868.536246 2735.340000 1667.886719 16.000000 118467000.000000 0.630730
4497196.544291 435898.536246 2765.340000 1669.089355 16.000000 118440900.000000 0.637712
4497166.544291 435928.536246 2807.760000 1670.274292 32.000000 118375200.000000 0.647586
4497166.544291 435958.536246 2837.760000 1671.273438 16.000000 118368000.000000 0.654571
4497166.544291 435988.536246 2867.760000 1672.625610 16.000000 118314000.000000 0.661556
4497166.544291 436018.536246 2897.760000 1674.268066 16.000000 118260000.000000 0.668543
4497166.544291 436048.536246 2927.760000 1676.042847 16.000000 118195200.000000 0.675530
4497166.544291 436078.536246 2957.760000 1677.742554 16.000000 117591300.000000 0.682520
4497166.544291 436108.536246 2987.760000 1679.178223 16.000000 117590400.000000 0.689526
4497166.544291 436138.536246 3017.760000 1680.248291 16.000000 117565200.000000 0.696531
4497166.544291 436168.536246 3047.760000 1680.981323 16.000000 117540900.000000 0.703538
4497166.544291 436198.536246 3077.760000 1681.543091 16.000000 117509400.000000 0.710545
4497166.544291 436228.536246 3107.760000 1682.198975 16.000000 116370000.000000 0.717553
4497166.544291 436258.536246 3137.760000 1683.235474 16.000000 116308800.000000 0.724592
4497196.544291 436288.536246 3180.180000 1684.449219 8.000000 116279100.000000 0.734547
4497196.544291 436318.536246 3210.180000 1685.777588 16.000000 116171100.000000 0.741588
4497226.544291 436348.536246 3252.600000 1687.527832 8.000000 116159400.000000 0.751548
4497226.544291 436378.536246 3282.600000 1688.961670 16.000000 116137800.000000 0.758593
4497226.544291 436408.536246 3312.600000 1690.624878 16.000000 116089200.000000 0.765638
4497226.544291 436438.536246 3342.600000 1692.374878 16.000000 115833600.000000 0.772684
4497226.544291 436468.536246 3372.600000 1694.291748 16.000000 115810200.000000 0.779737
4497226.544291 436498.536246 3402.600000 1696.696167 16.000000 115782300.000000 0.786791
4497196.544291 436528.536246 3445.020000 1701.308350 32.000000 115763400.000000 0.796767
4497196.544291 436558.536246 3475.020000 1705.453613 16.000000 115739100.000000 0.803822
4497166.544291 436588.536246 3517.440000 1712.579224 32.000000 115728300.000000 0.813799
4497166.544291 436618.536246 3547.440000 1718.535034 16.000000 113568300.000000 0.820855
4497166.544291 436648.536246 3577.440000 1725.357666 16.000000 113567400.000000 0.827972
4497166.544291 436678.536246 3607.440000 1732.537842 16.000000 113566500.000000 0.835088
4497166.544291 436708.536246 3637.440000 1739.552368 16.000000 113565600.000000 0.842204
4497166.544291 436738.536246 3667.440000 1746.019043 16.000000 113564700.000000 0.849321
4497166.544291 436768.536246 3697.440000 1751.759033 16.000000 113559300.000000 0.856437
4497166.544291 436798.536246 3727.440000 1756.786377 16.000000 113554800.000000 0.863554
4497166.544291 436828.536246 3757.440000 1761.223633 16.000000 113549400.000000 0.870671
4497166.544291 436858.536246 3787.440000 1765.198242 16.000000 113545800.000000 0.877787
4497166.544291 436888.536246 3817.440000 1768.775879 16.000000 113541300.000000 0.884904
4497166.544291 436918.536246 3847.440000 1771.953613 16.000000 113538600.000000 0.892021
4497166.544291 436948.536246 3877.440000 1774.730591 16.000000 113532300.000000 0.899139
4497196.544291 436978.536246 3919.860000 1776.938110 8.000000 113183100.000000 0.909203
4497436.544291 437068.536246 4197.120000 1777.620728 4.000000 112893300.000000 0.975072
4497466.544291 437098.536246 4239.540000 1778.444214 8.000000 112877100.000000 0.985162
4497496.544291 437128.536246 4281.960000 1780.438721 8.000000 112836600.000000 0.995252
4497526.544291 437158.536246 4324.380000 1783.372437 8.000000 112828500.000000 1.005344
4497556.544291 437188.536246 4366.800000 1786.784668 8.000000 112798800.000000 1.015436
4497586.544291 437218.536246 4409.220000 1790.017944 8.000000 112734900.000000 1.025529
4497616.544291 437248.536246 4451.640000 1792.522949 8.000000 112707900.000000 1.035625
4497646.544291 437278.536246 4494.060000 1794.295410 8.000000 112494600.000000 1.045722
4497676.544291 437308.536246 4536.480000 1796.087646 8.000000 110767500.000000 1.055828
4497706.544291 437308.536246 4566.480000 1797.362915 4.000000 110751300.000000 1.063024
4497736.544291 437338.536246 4608.900000 1800.404541 8.000000 110676600.000000 1.073201
4497766.544291 437338.536246 4638.900000 1803.005737 4.000000 110627100.000000 1.080401
4497796.544291 437368.536246 4681.320000 1808.182251 8.000000 110620800.000000 1.090583
4497826.544291 437398.536246 4723.740000 1814.210815 8.000000 110585700.000000 1.100765
4497856.544291 437428.536246 4766.160000 1819.284790 8.000000 110584800.000000 1.110949
4497886.544291 437458.536246 4808.580000 1822.174683 8.000000 110566800.000000 1.121132
4497916.544291 437488.536246 4851.000000 1823.067505 8.000000 110550600.000000 1.131317
4497946.544291 437518.536246 4893.420000 1823.414795 8.000000 110446200.000000 1.141502
4497946.544291 437548.536246 4923.420000 1824.191650 16.000000 110419200.000000 1.148708
4497976.544291 437578.536246 4965.840000 1825.589722 8.000000 110352600.000000 1.158899
4497976.544291 437608.536246 4995.840000 1827.538086 16.000000 110337300.000000 1.166108
4498006.544291 437638.536246 5038.260000 1830.237671 8.000000 110268000.000000 1.176302
4498006.544291 437668.536246 5068.260000 1832.098145 16.000000 110250000.000000 1.183513
4498036.544291 437698.536246 5110.680000 1834.390137 8.000000 110229300.000000 1.193711
4498036.544291 437728.536246 5140.680000 1835.381592 16.000000 110205900.000000 1.200923
4498066.544291 437758.536246 5183.100000 1836.833740 8.000000 110133900.000000 1.211123
4498066.544291 437788.536246 5213.100000 1837.643921 16.000000 107233200.000000 1.218338
4498096.544291 437818.536246 5255.520000 1839.359131 8.000000 107180100.000000 1.228664
4498096.544291 437848.536246 5285.520000 1840.836304 16.000000 107148600.000000 1.235968
4498126.544291 437878.536246 5327.940000 1843.289673 8.000000 107118000.000000 1.246297
4498126.544291 437908.536246 5357.940000 1845.326416 16.000000 107091000.000000 1.253603
4498156.544291 437938.536246 5400.360000 1847.828613 8.000000 107073000.000000 1.263935
4498186.544291 437968.536246 5442.780000 1850.554932 8.000000 107050500.000000 1.274268
4498186.544291 437998.536246 5472.780000 1851.903320 16.000000 107039700.000000 1.281576
4498216.544291 438028.536246 5515.200000 1853.643433 8.000000 107014500.000000 1.291910
4498246.544291 438058.536246 5557.620000 1855.125366 8.000000 106974900.000000 1.302246
4498276.544291 438088.536246 5600.040000 1856.553955 8.000000 106933500.000000 1.312583
4498306.544291 438118.536246 5642.460000 1858.424805 8.000000 102051000.000000 1.322921
4498306.544291 438148.536246 5672.460000 1860.190796 16.000000 101785500.000000 1.330389
4498336.544291 438178.536246 5714.880000 1863.252930 8.000000 101682000.000000 1.340959
4498366.544291 438208.536246 5757.300000 1867.240112 8.000000 101646000.000000 1.351535
4498396.544291 438238.536246 5799.720000 1871.689819 8.000000 101632500.000000 1.362113
4498426.544291 438268.536246 5842.140000 1876.024048 8.000000 101610900.000000 1.372691
4498456.544291 438298.536246 5884.560000 1879.915161 8.000000 101601900.000000 1.383270
4498486.544291 438328.536246 5926.980000 1883.626465 8.000000 101590200.000000 1.393849
4498486.544291 438358.536246 5956.980000 1885.815918 16.000000 101537100.000000 1.401332
4498486.544291 438388.536246 5986.980000 1888.267578 16.000000 101513700.000000 1.408816
4498516.544291 438418.536246 6029.400000 1890.556274 8.000000 101507400.000000 1.419399
4498516.544291 438448.536246 6059.400000 1891.993408 16.000000 101486700.000000 1.426884
4498516.544291 438478.536246 6089.400000 1893.521973 16.000000 101461500.000000 1.434370
4498516.544291 438508.536246 6119.400000 1895.184326 16.000000 101432700.000000 1.441857
4498486.544291 438538.536246 6161.820000 1897.044189 32.000000 101372400.000000 1.452444
4498486.544291 438568.536246 6191.820000 1898.116211 16.000000 101364300.000000 1.459934
4498486.544291 438598.536246 6221.820000 1899.213135 16.000000 101327400.000000 1.467424
4498486.544291 438628.536246 6251.820000 1900.482788 16.000000 101314800.000000 1.474915
4498456.544291 438658.536246 6294.240000 1901.587891 32.000000 101226600.000000 1.485508
4498456.544291 438688.536246 6324.240000 1902.316772 16.000000 101212200.000000 1.493002
4498426.544291 438718.536246 6366.660000 1904.334595 32.000000 97272000.000000 1.503600
4498426.544291 438748.536246 6396.660000 1905.577148 16.000000 97233300.000000 1.511230
4498396.544291 438778.536246 6439.080000 1908.641602 32.000000 97197300.000000 1.522021
4498396.544291 438808.536246 6469.080000 1911.196777 16.000000 97128900.000000 1.529653
4498366.544291 438838.536246 6511.500000 1915.231812 32.000000 97118100.000000 1.540450
4498336.544291 438868.536246 6553.920000 1920.522217 32.000000 97096500.000000 1.551246
4498336.544291 438898.536246 6583.920000 1924.449097 16.000000 97065000.000000 1.558882
4498306.544291 438928.536246 6626.340000 1930.860352 32.000000 97049700.000000 1.569682
4498306.544291 438958.536246 6656.340000 1935.453491 16.000000 97011000.000000 1.577319
4498306.544291 438988.536246 6686.340000 1940.703491 16.000000 96987600.000000 1.584959
4498276.544291 439018.536246 6728.760000 1946.321167 32.000000 96978600.000000 1.595762
4498276.544291 439048.536246 6758.760000 1949.983276 16.000000 96954300.000000 1.603402
4498276.544291 439078.536246 6788.760000 1953.219971 16.000000 96928200.000000 1.611044
4498276.544291 439108.536246 6818.760000 1955.882080 16.000000 96908400.000000 1.618686
4498276.544291 439138.536246 6848.760000 1957.966431 16.000000 96887700.000000 1.626329
4498276.544291 439168.536246 6878.760000 1959.604736 16.000000 96867900.000000 1.633972
4498276.544291 439198.536246 6908.760000 1961.028442 16.000000 96848100.000000 1.641617
4498276.544291 439228.536246 6938.760000 1962.537354 16.000000 96821100.000000 1.649262
4498246.544291 439258.536246 6981.180000 1965.438232 32.000000 9063900.000000 1.660073
4498216.544291 439288.536246 7023.600000 1971.449585 32.000000 9029700.000000 1.691462
4498186.544291 439288.536246 7053.600000 1976.630615 64.000000 9009000.000000 1.713699
4498156.544291 439318.536246 7096.020000 1984.460327 32.000000 9000900.000000 1.745174
4498126.544291 439348.536246 7138.440000 1992.741821 32.000000 8983800.000000 1.776662
4498096.544291 439378.536246 7180.860000 2001.609497 32.000000 8971200.000000 1.808176
4498066.544291 439378.536246 7210.860000 2007.690063 64.000000 8949600.000000 1.830478
4498036.544291 439408.536246 7253.280000 2016.376465 32.000000 8928900.000000 1.862047
4498006.544291 439438.536246 7295.700000 2024.744385 32.000000 8906400.000000 1.893649
4497976.544291 439438.536246 7325.700000 2030.293823 64.000000 8883000.000000 1.916023
4497946.544291 439468.536246 7368.120000 2036.756592 32.000000 8855100.000000 1.947698
4497916.544291 439498.536246 7410.540000 2042.994873 32.000000 8817300.000000 1.979419
4497886.544291 439498.536246 7440.540000 2047.563599 64.000000 8769600.000000 2.001895
4497856.544291 439528.536246 7482.960000 2053.716553 32.000000 8731800.000000 2.033753
4497826.544291 439558.536246 7525.380000 2060.856689 32.000000 8707500.000000 2.065674
4497796.544291 439558.536246 7555.380000 2066.393799 64.000000 8667900.000000 2.088277
4497766.544291 439588.536246 7597.800000 2073.791016 32.000000 8631900.000000 2.120304
4497736.544291 439618.536246 7640.220000 2081.682617 32.000000 8595000.000000 2.152390
4497706.544291 439618.536246 7670.220000 2087.009033 64.000000 8579700.000000 2.175126
4497676.544291 439648.536246 7712.640000 2093.880615 32.000000 8552700.000000 2.207300
4497646.544291 439648.536246 7742.640000 2098.239502 64.000000 8516700.000000 2.230087
4497616.544291 439678.536246 7785.060000 2103.281982 32.000000 8479800.000000 2.262368
4497586.544291 439678.536246 7815.060000 2105.813721 64.000000 8464500.000000 2.285242
4497556.544291 439678.536246 7845.060000 2108.300781 64.000000 8445600.000000 2.308135
4497526.544291 439708.536246 7887.480000 2111.461182 32.000000 8409600.000000 2.340538
4497496.544291 439708.536246 7917.480000 2113.552734 64.000000 8379000.000000 2.363498
4497466.544291 439708.536246 7947.480000 2116.431885 64.000000 8344800.000000 2.386496
4497436.544291 439708.536246 7977.480000 2120.249512 64.000000 8325000.000000 2.409536
4497406.544291 439738.536246 8019.900000 2125.106689 32.000000 8225100.000000 2.442150
4497376.544291 439738.536246 8049.900000 2129.127197 64.000000 8182800.000000 2.465340
4497346.544291 439768.536246 8092.320000 2134.862793 32.000000 8126100.000000 2.498207
4497316.544291 439768.536246 8122.320000 2138.093506 64.000000 8105400.000000 2.521524
4497286.544291 439768.536246 8152.320000 2141.614502 64.000000 8060400.000000 2.544868
4497256.544291 439768.536246 8182.320000 2145.437500 64.000000 8038800.000000 2.568271
4497226.544291 439798.536246 8224.740000 2150.168457 32.000000 7964100.000000 2.601402
4497196.544291 439798.536246 8254.740000 2153.962891 64.000000 7919100.000000 2.624931
4497166.544291 439798.536246 8284.740000 2158.478760 64.000000 7877700.000000 2.648520
4497136.544291 439828.536246 8327.160000 2165.546143 32.000000 7828200.000000 2.681955
4497106.544291 439828.536246 8357.160000 2170.514160 64.000000 7805700.000000 2.705667
4497076.544291 439828.536246 8387.160000 2176.203613 64.000000 7764300.000000 2.729410
4497046.544291 439858.536246 8429.580000 2184.088623 32.000000 7728300.000000 2.763063
4497016.544291 439858.536246 8459.580000 2189.307373 64.000000 7710300.000000 2.786913
4496986.544291 439858.536246 8489.580000 2194.854004 64.000000 7694100.000000 2.810788
4496956.544291 439888.536246 8532.000000 2201.255859 32.000000 7648200.000000 2.844578
4496926.544291 439888.536246 8562.000000 2205.568115 64.000000 7622100.000000 2.868540
4496896.544291 439888.536246 8592.000000 2209.989258 64.000000 7609500.000000 2.892539
4496866.544291 439918.536246 8634.420000 2214.961914 32.000000 7574400.000000 2.926498
4496836.544291 439918.536246 8664.420000 2218.340088 64.000000 7536600.000000 2.950565
4496806.544291 439918.536246 8694.420000 2222.082520 64.000000 7508700.000000 2.974686
4496776.544291 439948.536246 8736.840000 2226.324463 32.000000 7464600.000000 3.008850
4496746.544291 439948.536246 8766.840000 2229.757080 64.000000 7401600.000000 3.033075
4496716.544291 439978.536246 8809.260000 2234.357178 32.000000 7357500.000000 3.067460
4496686.544291 439978.536246 8839.260000 2238.105713 64.000000 7258500.000000 3.091844
4496656.544291 440008.536246 8881.680000 2243.350586 32.000000 7223400.000000 3.126532
4496626.544291 440038.536246 8924.100000 2249.777588 32.000000 7199100.000000 3.161297
4496596.544291 440038.536246 8954.100000 2254.020264 64.000000 7150500.000000 3.185920
4496566.544291 440068.536246 8996.520000 2260.916504 32.000000 7113600.000000 3.220844
4496536.544291 440068.536246 9026.520000 2265.942139 64.000000 7092000.000000 3.245600
4496506.544291 440098.536246 9068.940000 2272.949463 32.000000 7053300.000000 3.280653
4496476.544291 440098.536246 9098.940000 2278.252441 64.000000 7014600.000000 3.305504
4496446.544291 440128.536246 9141.360000 2285.452881 32.000000 6964200.000000 3.340730
4496416.544291 440128.536246 9171.360000 2290.828857 64.000000 6937200.000000 3.365724
4496386.544291 440158.536246 9213.780000 2298.404541 32.000000 6896700.000000 3.401127
4496356.544291 440158.536246 9243.780000 2303.949951 64.000000 6830100.000000 3.426230
4496326.544291 440188.536246 9286.200000 2311.146484 32.000000 6804000.000000 3.461882
4496296.544291 440218.536246 9328.620000 2317.652344 32.000000 6772500.000000 3.497595
4496266.544291 440248.536246 9371.040000 2322.738770 32.000000 6757200.000000 3.533383
4496236.544291 440278.536246 9413.460000 2326.269775 32.000000 6728400.000000 3.569207
4496206.544291 440308.536246 9455.880000 2328.656982 32.000000 6695100.000000 3.605100
4496176.544291 440338.536246 9498.300000 2330.587158 32.000000 6616800.000000 3.641073
4496146.544291 440338.536246 9528.300000 2332.010986 64.000000 3368700.000000 3.666649
4496116.544291 440368.536246 9570.720000 2334.509033 32.000000 3305700.000000 3.715651
4496086.544291 440398.536246 9613.140000 2338.057861 32.000000 3241800.000000 3.765071
4496056.544291 440428.536246 9655.560000 2342.851318 32.000000 3107700.000000 3.814927
4496026.544291 440458.536246 9697.980000 2348.790039 32.000000 3083400.000000 3.865739
4495996.544291 440488.536246 9740.400000 2355.609375 32.000000 3040200.000000 3.916732
4495966.544291 440518.536246 9782.820000 2363.118164 32.000000 2994300.000000 3.968049
4495936.544291 440548.536246 9825.240000 2371.389404 32.000000 2936700.000000 4.019719
4495906.544291 440548.536246 9855.240000 2377.778809 64.000000 2915100.000000 4.056582
4495876.544291 440578.536246 9897.660000 2387.386963 32.000000 2865600.000000 4.108879
4495846.544291 440608.536246 9940.080000 2398.514404 32.000000 2826000.000000 4.161580
4495816.544291 440608.536246 9970.080000 2406.817871 64.000000 2761200.000000 4.199086
4495786.544291 440638.536246 10012.500000 2420.256104 32.000000 2723400.000000 4.252675
4495756.544291 440638.536246 10042.500000 2430.782959 64.000000 2709900.000000 4.290810
4495726.544291 440668.536246 10084.920000 2446.814697 32.000000 2661300.000000 4.344853
4495696.544291 440698.536246 10127.340000 2464.289551 32.000000 2526300.000000 4.399338
4495666.544291 440698.536246 10157.340000 2477.187988 64.000000 2520000.000000 4.438784
4495636.544291 440698.536246 10187.340000 2490.545166 64.000000 2440800.000000 4.478274
4495606.544291 440698.536246 10217.340000 2503.812012 64.000000 2439900.000000 4.518336
4495576.544291 440698.536246 10247.340000 2516.607910 64.000000 2439000.000000 4.558405
4495546.544291 440698.536246 10277.340000 2528.798584 64.000000 2438100.000000 4.598480
4495516.544291 440698.536246 10307.340000 2540.439209 64.000000 2437200.000000 4.638562
4495486.544291 440698.536246 10337.340000 2551.623047 64.000000 2436300.000000 4.678651
4495456.544291 440698.536246 10367.340000 2562.347168 64.000000 2435400.000000 4.718746
4495426.544291 440698.536246 10397.340000 2572.446289 64.000000 2434500.000000 4.758848
4495396.544291 440698.536246 10427.340000 2581.612549 64.000000 2433600.000000 4.798956
4495366.544291 440698.536246 10457.340000 2589.507568 64.000000 2432700.000000 4.839071
4495336.544291 440698.536246 10487.340000 2595.917236 64.000000 2429100.000000 4.879193
4495306.544291 440698.536246 10517.340000 2600.868896 64.000000 2426400.000000 4.919342
4495276.544291 440698.536246 10547.340000 2604.692871 64.000000 2421900.000000 4.959511
4495246.544291 440698.536246 10577.340000 2607.998047 64.000000 2415600.000000 4.999713
4495216.544291 440698.536246 10607.340000 2611.564453 64.000000 2388600.000000 5.039962
4495186.544291 440698.536246 10637.340000 2616.137695 64.000000 2295900.000000 5.080416
4495156.544291 440728.536246 10679.760000 2624.117432 32.000000 2243700.000000 5.138645
4495126.544291 440758.536246 10722.180000 2634.032715 32.000000 1404000.000000 5.197480
4495096.544291 440788.536246 10764.600000 2644.228516 32.000000 1403100.000000 5.270134
4495066.544291 440818.536246 10807.020000 2653.160889 32.000000 1402200.000000 5.342808
4495036.544291 440848.536246 10849.440000 2660.030518 32.000000 1401300.000000 5.415503
4495006.544291 440878.536246 10891.860000 2664.905518 32.000000 1400400.000000 5.488220
4494976.544291 440908.536246 10934.280000 2668.364014 32.000000 1399500.000000 5.560957
4494946.544291 440938.536246 10976.700000 2671.088135 32.000000 1032300.000000 5.633715
4494916.544291 440968.536246 11019.120000 2673.682129 32.000000 1031400.000000 5.717152
4494886.544291 440998.536246 11061.540000 2676.649414 32.000000 1030500.000000 5.800622
4494856.544291 441028.536246 11103.960000 2680.392578 32.000000 994500.000000 5.884124
4494826.544291 441058.536246 11146.380000 2685.251953 32.000000 959400.000000 5.968973
4494796.544291 441058.536246 11176.380000 2689.238770 64.000000 943200.000000 6.029958
4494766.544291 441058.536246 11206.380000 2694.148926 64.000000 799200.000000 6.091412
4494736.544291 441058.536246 11236.380000 2700.051025 64.000000 798300.000000 6.157623
4494706.544291 441058.536246 11266.380000 2706.969238 64.000000 797400.000000 6.223867
4494676.544291 441058.536246 11296.380000 2714.858154 64.000000 796500.000000 6.290144
4494646.544291 441058.536246 11326.380000 2723.576660 64.000000 795600.000000 6.356455
4494616.544291 441058.536246 11356.380000 2732.890381 64.000000 794700.000000 6.422801
4494586.544291 441058.536246 11386.380000 2742.506348 64.000000 793800.000000 6.489179
4494556.544291 441058.536246 11416.380000 2752.104248 64.000000 792900.000000 6.555592
4494526.544291 441058.536246 11446.380000 2761.423340 64.000000 427500.000000 6.622039
4494496.544291 441058.536246 11476.380000 2770.309570 64.000000 396000.000000 6.709779
4494466.544291 441058.536246 11506.380000 2778.734131 64.000000 261000.000000 6.800594
4494436.544291 441058.536246 11536.380000 2786.750000 64.000000 222300.000000 6.910150
4494406.544291 441058.536246 11566.380000 2794.451660 64.000000 212400.000000 7.027910
4494376.544291 441058.536246 11596.380000 2801.928223 64.000000 190800.000000 7.148109
