4496806.544291 433468.536246 0.000000 1513.893311 32.000000 125351100.000000 0.000000
4496806.544291 433498.536246 30.000000 1516.287598 16.000000 125119800.000000 0.006807
4496776.544291 433528.536246 72.420000 1519.863037 32.000000 125042400.000000 0.016440
4496776.544291 433558.536246 102.420000 1522.056030 16.000000 124991100.000000 0.023255
4496776.544291 433588.536246 132.420000 1524.436646 16.000000 124958700.000000 0.030071
4496746.544291 433618.536246 174.840000 1527.342896 32.000000 124946100.000000 0.039710
4496746.544291 433648.536246 204.840000 1529.155396 16.000000 124885800.000000 0.046527
4496746.544291 433678.536246 234.840000 1530.951416 16.000000 122472900.000000 0.053345
4496716.544291 433708.536246 277.260000 1533.048584 32.000000 122447700.000000 0.063072
4496716.544291 433738.536246 307.260000 1534.296387 16.000000 122413500.000000 0.069951
4496716.544291 433768.536246 337.260000 1535.548950 16.000000 122391900.000000 0.076831
4496716.544291 433798.536246 367.260000 1536.803589 16.000000 122366700.000000 0.083712
4496716.544291 433828.536246 397.260000 1538.056519 16.000000 122364000.000000 0.090593
4496716.544291 433858.536246 427.260000 1539.305908 16.000000 122325300.000000 0.097475
4496716.544291 433888.536246 457.260000 1540.553711 16.000000 122172300.000000 0.104357
4496716.544291 433918.536246 487.260000 1541.806519 16.000000 122166000.000000 0.111243
4496716.544291 433948.536246 517.260000 1543.075928 16.000000 122151600.000000 0.118130
4496716.544291 433978.536246 547.260000 1544.386841 16.000000 122144400.000000 0.125017
4496716.544291 434008.536246 577.260000 1545.780151 16.000000 122130000.000000 0.131904
4496716.544291 434038.536246 607.260000 1547.318115 16.000000 122110200.000000 0.138791
4496716.544291 434068.536246 637.260000 1549.081665 16.000000 122080500.000000 0.145679
4496716.544291 434098.536246 667.260000 1551.155640 16.000000 121960800.000000 0.152567
4496716.544291 434128.536246 697.260000 1553.602783 16.000000 121942800.000000 0.159459
4496716.544291 434158.536246 727.260000 1556.437988 16.000000 121930200.000000 0.166351
4496716.544291 434188.536246 757.260000 1559.611694 16.000000 121927500.000000 0.173243
4496716.544291 434218.536246 787.260000 1563.016479 16.000000 121914000.000000 0.180136
4496746.544291 434248.536246 829.680000 1567.312134 8.000000 121713300.000000 0.189882
4496746.544291 434278.536246 859.680000 1570.036865 16.000000 121699800.000000 0.196780
4496746.544291 434308.536246 889.680000 1572.568359 16.000000 121669200.000000 0.203679
4496776.544291 434338.536246 932.100000 1575.426636 8.000000 121590000.000000 0.213434
4496776.544291 434368.536246 962.100000 1576.704834 16.000000 121572000.000000 0.220335
4496776.544291 434398.536246 992.100000 1578.141235 16.000000 121552200.000000 0.227237
4496806.544291 434428.536246 1034.520000 1579.183594 8.000000 121471200.000000 0.236996
4496806.544291 434458.536246 1064.520000 1580.242310 16.000000 121428000.000000 0.243900
4496836.544291 434488.536246 1106.940000 1581.213501 8.000000 121344300.000000 0.253664
4496836.544291 434518.536246 1136.940000 1582.245850 16.000000 121305600.000000 0.260571
4496866.544291 434548.536246 1179.360000 1583.522095 8.000000 121228200.000000 0.270340
4496866.544291 434578.536246 1209.360000 1584.637573 16.000000 121200300.000000 0.277250
4496896.544291 434608.536246 1251.780000 1586.261597 8.000000 121150800.000000 0.287022
4496896.544291 434638.536246 1281.780000 1587.543091 16.000000 121129200.000000 0.293935
4496926.544291 434668.536246 1324.200000 1589.358643 8.000000 121097700.000000 0.303710
4496926.544291 434698.536246 1354.200000 1590.869507 16.000000 121081500.000000 0.310623
4496956.544291 434728.536246 1396.620000 1592.731934 8.000000 121042800.000000 0.320400
4496956.544291 434758.536246 1426.620000 1594.343140 16.000000 121032000.000000 0.327315
4496986.544291 434788.536246 1469.040000 1596.032715 8.000000 120803400.000000 0.337093
4496986.544291 434818.536246 1499.040000 1597.459717 16.000000 120780900.000000 0.344015
4497016.544291 434848.536246 1541.460000 1598.723145 8.000000 120705300.000000 0.353802
4497016.544291 434878.536246 1571.460000 1600.025757 16.000000 120651300.000000 0.360726
4497046.544291 434908.536246 1613.880000 1601.009155 8.000000 120581100.000000 0.370518
4497076.544291 434938.536246 1656.300000 1602.411133 8.000000 120537900.000000 0.380313
4497106.544291 434968.536246 1698.720000 1604.034180 8.000000 120452400.000000 0.390109
4497136.544291 434998.536246 1741.140000 1605.728149 8.000000 120389400.000000 0.399909
4497166.544291 435028.536246 1783.560000 1607.545532 8.000000 120332700.000000 0.409711
4497196.544291 435058.536246 1825.980000 1609.696411 8.000000 120280500.000000 0.419514
4497226.544291 435088.536246 1868.400000 1612.281860 8.000000 119808000.000000 0.429320
4497256.544291 435118.536246 1910.820000 1615.046509 8.000000 119801700.000000 0.439143
4497286.544291 435148.536246 1953.240000 1617.557129 8.000000 119796300.000000 0.448967
4497316.544291 435178.536246 1995.660000 1619.747192 8.000000 119790000.000000 0.458790
4497316.544291 435208.536246 2025.660000 1621.559692 16.000000 119755800.000000 0.465738
4497316.544291 435238.536246 2055.660000 1623.437012 16.000000 118924200.000000 0.472686
4497316.544291 435268.536246 2085.660000 1625.091431 16.000000 118922400.000000 0.479657
4497316.544291 435298.536246 2115.660000 1626.420166 16.000000 118915200.000000 0.486627
4497316.544291 435328.536246 2145.660000 1627.522827 16.000000 118905300.000000 0.493598
4497316.544291 435358.536246 2175.660000 1628.664917 16.000000 118894500.000000 0.500568
4497286.544291 435388.536246 2218.080000 1630.471191 32.000000 118843200.000000 0.510425
4497286.544291 435418.536246 2248.080000 1631.580078 16.000000 118821600.000000 0.517398
4497286.544291 435448.536246 2278.080000 1633.399048 16.000000 118796400.000000 0.524371
4497256.544291 435478.536246 2320.500000 1636.029297 32.000000 118761300.000000 0.534231
4497256.544291 435508.536246 2350.500000 1638.284424 16.000000 118730700.000000 0.541206
4497256.544291 435538.536246 2380.500000 1641.069336 16.000000 118711800.000000 0.548181
4497226.544291 435568.536246 2422.920000 1645.175537 32.000000 118670400.000000 0.558045
4497226.544291 435598.536246 2452.920000 1647.912598 16.000000 118650600.000000 0.565022
4497226.544291 435628.536246 2482.920000 1650.785278 16.000000 118626300.000000 0.572000
4497226.544291 435658.536246 2512.920000 1653.738525 16.000000 118598400.000000 0.578978
4497226.544291 435688.536246 2542.920000 1656.738892 16.000000 118579500.000000 0.585957
4497196.544291 435718.536246 2585.340000 1660.352661 32.000000 118569600.000000 0.595826
4497196.544291 435748.536246 2615.340000 1662.234131 16.000000 118541700.000000 0.602805
4497196.544291 435778.536246 2645.340000 1663.937500 16.000000 118529100.000000 0.609786
4497196.544291 435808.536246 2675.340000 1665.427246 16.000000 118503000.000000 0.616766
4497196.544291 435838.536246 2705.340000 1666.716187 16.000000 118476900.000000 0.623748
4497196.544291 435868.536246 2735.340000 1667.886719 16.000000 118467000.000000 0.630730
4497196.544291 435898.536246 2765.340000 1669.089355 16.000000 118440900.000000 0.637712
4497166.544291 435928.536246 2807.760000 1670.274292 32.000000 118375200.000000 0.647586
4497166.544291 435958.536246 2837.760000 1671.273438 16.000000 118368000.000000 0.654571
4497166.544291 435988.536246 2867.760000 1672.625610 16.000000 118314000.000000 0.661556
4497166.544291 436018.536246 2897.760000 1674.268066 16.000000 118260000.000000 0.668543
4497166.544291 436048.536246 2927.760000 1676.042847 16.000000 118195200.000000 0.675530
4497166.544291 436078.536246 2957.760000 1677.742554 16.000000 117591300.000000 0.682520
4497166.544291 436108.536246 2987.760000 1679.178223 16.000000 117590400.000000 0.689526
4497166.544291 436138.536246 3017.760000 1680.248291 16.000000 117565200.000000 0.696531
4497166.544291 436168.536246 3047.760000 1680.981323 16.000000 117540900.000000 0.703538
4497166.544291 436198.536246 3077.760000 1681.543091 16.000000 117509400.000000 0.710545
4497166.544291 436228.536246 3107.760000 1682.198975 16.000000 116370000.000000 0.717553
4497166.544291 436258.536246 3137.760000 1683.235474 16.000000 116308800.000000 0.724592
4497196.544291 436288.536246 3180.180000 1684.449219 8.000000 116279100.000000 0.734547
4497196.544291 436318.536246 3210.180000 1685.777588 16.000000 116171100.000000 0.741588
4497226.544291 436348.536246 3252.600000 1687.527832 8.000000 116159400.000000 0.751548
4497226.544291 436378.536246 3282.600000 1688.961670 16.000000 116137800.000000 0.758593
4497226.544291 436408.536246 3312.600000 1690.624878 16.000000 116089200.000000 0.765638
4497226.544291 436438.536246 3342.600000 1692.374878 16.000000 115833600.000000 0.772684
4497226.544291 436468.536246 3372.600000 1694.291748 16.000000 115810200.000000 0.779737
4497226.544291 436498.536246 3402.600000 1696.696167 16.000000 115782300.000000 0.786791
4497196.544291 436528.536246 3445.020000 1701.308350 32.000000 115763400.000000 0.796767
4497196.544291 436558.536246 3475.020000 1705.453613 16.000000 115739100.000000 0.803822
4497166.544291 436588.536246 3517.440000 1712.579224 32.000000 115728300.000000 0.813799
4497166.544291 436618.536246 3547.440000 1718.535034 16.000000 113568300.000000 0.820855
4497166.544291 436648.536246 3577.440000 1725.357666 16.000000 113567400.000000 0.827972
4497166.544291 436678.536246 3607.440000 1732.537842 16.000000 113566500.000000 0.835088
4497166.544291 436708.536246 3637.440000 1739.552368 16.000000 113565600.000000 0.842204
4497166.544291 436738.536246 3667.440000 1746.019043 16.000000 113564700.000000 0.849321
4497166.544291 436768.536246 3697.440000 1751.759033 16.000000 113559300.000000 0.856437
4497166.544291 436798.536246 3727.440000 1756.786377 16.000000 113554800.000000 0.863554
4497166.544291 436828.536246 3757.440000 1761.223633 16.000000 113549400.000000 0.870671
4497166.544291 436858.536246 3787.440000 1765.198242 16.000000 113545800.000000 0.877787
4497166.544291 436888.536246 3817.440000 1768.775879 16.000000 113541300.000000 0.884904
4497166.544291 436918.536246 3847.440000 1771.953613 16.000000 113538600.000000 0.892021
4497166.544291 436948.536246 3877.440000 1774.730591 16.000000 113532300.000000 0.899139
4497196.544291 436978.536246 3919.860000 1776.938110 8.000000 113183100.000000 0.909203
4497436.544291 437068.536246 4197.120000 1777.620728 4.000000 112893300.000000 0.975072
4497466.544291 437098.536246 4239.540000 1778.444214 8.000000 112877100.000000 0.985162
4497496.544291 437128.536246 4281.960000 1780.438721 8.000000 112836600.000000 0.995252
4497526.544291 437158.536246 4324.380000 1783.372437 8.000000 112828500.000000 1.005344
4497556.544291 437188.536246 4366.800000 1786.784668 8.000000 112798800.000000 1.015436
4497586.544291 437218.536246 4409.220000 1790.017944 8.000000 112734900.000000 1.025529
4497616.544291 437248.536246 4451.640000 1792.522949 8.000000 112707900.000000 1.035625
4497646.544291 437278.536246 4494.060000 1794.295410 8.000000 112494600.000000 1.045722
4497676.544291 437308.536246 4536.480000 1796.087646 8.000000 110767500.000000 1.055828
4497706.544291 437308.536246 4566.480000 1797.362915 4.000000 110751300.000000 1.063024
4497736.544291 437338.536246 4608.900000 1800.404541 8.000000 110676600.000000 1.073201
4497766.544291 437338.536246 4638.900000 1803.005737 4.000000 110627100.000000 1.080401
4497796.544291 437368.536246 4681.320000 1808.182251 8.000000 110620800.000000 1.090583
4497826.544291 437398.536246 4723.740000 1814.210815 8.000000 110585700.000000 1.100765
4497856.544291 437428.536246 4766.160000 1819.284790 8.000000 110584800.000000 1.110949
4497886.544291 437458.536246 4808.580000 1822.174683 8.000000 110566800.000000 1.121132
4497916.544291 437488.536246 4851.000000 1823.067505 8.000000 110550600.000000 1.131317
4497946.544291 437518.536246 4893.420000 1823.414795 8.000000 110446200.000000 1.141502
4497946.544291 437548.536246 4923.420000 1824.191650 16.000000 110419200.000000 1.148708
4497976.544291 437578.536246 4965.840000 1825.589722 8.000000 110352600.000000 1.158899
4497976.544291 437608.536246 4995.840000 1827.538086 16.000000 110337300.000000 1.166108
4498006.544291 437638.536246 5038.260000 1830.237671 8.000000 110268000.000000 1.176302
4498006.544291 437668.536246 5068.260000 1832.098145 16.000000 110250000.000000 1.183513
4498036.544291 437698.536246 5110.680000 1834.390137 8.000000 110229300.000000 1.193711
4498036.544291 437728.536246 5140.680000 1835.381592 16.000000 110205900.000000 1.200923
4498066.544291 437758.536246 5183.100000 1836.833740 8.000000 110133900.000000 1.211123
4498066.544291 437788.536246 5213.100000 1837.643921 16.000000 107233200.000000 1.218338
4498096.544291 437818.536246 5255.520000 1839.359131 8.000000 107180100.000000 1.228664
4498096.544291 437848.536246 5285.520000 1840.836304 16.000000 107148600.000000 1.235968
4498126.544291 437878.536246 5327.940000 1843.289673 8.000000 107118000.000000 1.246297
4498126.544291 437908.536246 5357.940000 1845.326416 16.000000 107091000.000000 1.253603
4498156.544291 437938.536246 5400.360000 1847.828613 8.000000 107073000.000000 1.263935
4498186.544291 437968.536246 5442.780000 1850.554932 8.000000 107050500.000000 1.274268
4498186.544291 437998.536246 5472.780000 1851.903320 16.000000 107039700.000000 1.281576
4498216.544291 438028.536246 5515.200000 1853.643433 8.000000 107014500.000000 1.291910
4498246.544291 438058.536246 5557.620000 1855.125366 8.000000 106974900.000000 1.302246
4498276.544291 438088.536246 5600.040000 1856.553955 8.000000 106933500.000000 1.312583
4498306.544291 438118.536246 5642.460000 1858.424805 8.000000 102051000.000000 1.322921
4498306.544291 438148.536246 5672.460000 1860.190796 16.000000 101785500.000000 1.330389
4498336.544291 438178.536246 5714.880000 1863.252930 8.000000 101682000.000000 1.340959
4498366.544291 438208.536246 5757.300000 1867.240112 8.000000 101646000.000000 1.351535
4498396.544291 438238.536246 5799.720000 1871.689819 8.000000 101632500.000000 1.362113
4498426.544291 438268.536246 5842.140000 1876.024048 8.000000 101610900.000000 1.372691
4498456.544291 438298.536246 5884.560000 1879.915161 8.000000 101601900.000000 1.383270
4498486.544291 438328.536246 5926.980000 1883.626465 8.000000 101590200.000000 1.393849
4498486.544291 438358.536246 5956.980000 1885.815918 16.000000 101537100.000000 1.401332
4498486.544291 438388.536246 5986.980000 1888.267578 16.000000 101513700.000000 1.408816
4498516.544291 438418.536246 6029.400000 1890.556274 8.000000 101507400.000000 1.419399
4498516.544291 438448.536246 6059.400000 1891.993408 16.000000 101486700.000000 1.426884
4498516.544291 438478.536246 6089.400000 1893.521973 16.000000 101461500.000000 1.434370
4498516.544291 438508.536246 6119.400000 1895.184326 16.000000 101432700.000000 1.441857
4498486.544291 438538.536246 6161.820000 1897.044189 32.000000 101372400.000000 1.452444
4498486.544291 438568.536246 6191.820000 1898.116211 16.000000 101364300.000000 1.459934
4498486.544291 438598.536246 6221.820000 1899.213135 16.000000 101327400.000000 1.467424
4498486.544291 438628.536246 6251.820000 1900.482788 16.000000 101314800.000000 1.474915
4498456.544291 438658.536246 6294.240000 1901.587891 32.000000 101226600.000000 1.485508
4498456.544291 438688.536246 6324.240000 1902.316772 16.000000 101212200.000000 1.493002
4498486.544291 438718.536246 6366.660000 1907.316528 8.000000 3782700.000000 1.503600
4498516.544291 438748.536246 6409.080000 1919.128906 8.000000 3781800.000000 1.550111
4498546.544291 438778.536246 6451.500000 1935.212036 8.000000 3780900.000000 1.596628
4498576.544291 438808.536246 6493.920000 1952.535889 8.000000 3780000.000000 1.643149
4498606.544291 438838.536246 6536.340000 1968.744629 8.000000 3779100.000000 1.689676
4498636.544291 438868.536246 6578.760000 1982.789795 8.000000 3772800.000000 1.736207
4498666.544291 438898.536246 6621.180000 1994.718506 8.000000 3762900.000000 1.782773
4498696.544291 438928.536246 6663.600000 2005.011475 8.000000 3726000.000000 1.829395
4498726.544291 438958.536246 6706.020000 2014.027710 8.000000 3703500.000000 1.876223
4498756.544291 438988.536246 6748.440000 2021.862061 8.000000 3663000.000000 1.923180
4498786.544291 439018.536246 6790.860000 2028.563477 8.000000 3627900.000000 1.970369
4498816.544291 439048.536246 6833.280000 2034.430786 8.000000 3600900.000000 2.017763
4498846.544291 439048.536246 6863.280000 2038.411621 4.000000 3571200.000000 2.051394
4498876.544291 439078.536246 6905.700000 2044.060669 8.000000 3555000.000000 2.099126
4498906.544291 439108.536246 6948.120000 2050.692871 8.000000 3536100.000000 2.146955
4498936.544291 439108.536246 6978.120000 2055.468506 4.000000 3523500.000000 2.180861
4498966.544291 439108.536246 7008.120000 2060.611084 4.000000 3509100.000000 2.214823
4498996.544291 439138.536246 7050.540000 2067.308105 8.000000 3465900.000000 2.262932
4499026.544291 439138.536246 7080.540000 2071.377930 4.000000 3439800.000000 2.297146
4499056.544291 439138.536246 7110.540000 2075.290527 4.000000 3425400.000000 2.331477
4499086.544291 439138.536246 7140.540000 2079.120117 4.000000 3411000.000000 2.365872
4499116.544291 439138.536246 7170.540000 2082.966553 4.000000 3386700.000000 2.400333
4499146.544291 439138.536246 7200.540000 2086.938965 4.000000 3278700.000000 2.434905
4499176.544291 439108.536246 7242.960000 2092.865479 2.000000 3160800.000000 2.484508
4499206.544291 439108.536246 7272.960000 2097.199219 4.000000 3143700.000000 2.520170
4499236.544291 439108.536246 7302.960000 2102.079834 4.000000 3116700.000000 2.555920
4499266.544291 439108.536246 7332.960000 2107.960938 4.000000 3090600.000000 2.591809
4499296.544291 439078.536246 7375.380000 2116.193848 2.000000 3074400.000000 2.642748
4499326.544291 439048.536246 7417.800000 2125.074951 2.000000 3044700.000000 2.693807
4499356.544291 439048.536246 7447.800000 2131.207031 4.000000 2990700.000000 2.730076
4499386.544291 439018.536246 7490.220000 2138.171875 2.000000 2970000.000000 2.781774
4499416.544291 438988.536246 7532.640000 2144.043701 2.000000 2960100.000000 2.833633
4499446.544291 438988.536246 7562.640000 2148.341309 4.000000 2920500.000000 2.870364
4499476.544291 438958.536246 7605.060000 2153.057617 2.000000 2906100.000000 2.922618
4499506.544291 438958.536246 7635.060000 2157.284668 4.000000 2671200.000000 2.959654
4499536.544291 438958.536246 7665.060000 2162.242432 4.000000 2564100.000000 2.998123
4499566.544291 438958.536246 7695.060000 2167.708496 4.000000 2547000.000000 3.037306
4499596.544291 438958.536246 7725.060000 2173.499268 4.000000 2462400.000000 3.076607
4499626.544291 438958.536246 7755.060000 2179.486328 4.000000 2282400.000000 3.116511
4499656.544291 438958.536246 7785.060000 2185.596191 4.000000 2281500.000000 3.157801
4499686.544291 438958.536246 7815.060000 2191.804443 4.000000 2280600.000000 3.199098
4499716.544291 438958.536246 7845.060000 2198.147217 4.000000 2279700.000000 3.240403
4499746.544291 438928.536246 7887.480000 2207.412598 2.000000 2228400.000000 3.298818
4499776.544291 438928.536246 7917.480000 2213.931641 4.000000 2222100.000000 3.340555
4499806.544291 438928.536246 7947.480000 2220.650635 4.000000 2216700.000000 3.382346
4499836.544291 438928.536246 7977.480000 2227.754150 4.000000 2209500.000000 3.424182
4499866.544291 438898.536246 8019.900000 2237.953613 2.000000 2157300.000000 3.483425
4499896.544291 438898.536246 8049.900000 2244.844238 4.000000 2153700.000000 3.525776
4499926.544291 438898.536246 8079.900000 2251.902344 4.000000 2145600.000000 3.568159
4499956.544291 438898.536246 8109.900000 2258.896729 4.000000 2134800.000000 3.610613
4499986.544291 438898.536246 8139.900000 2265.595947 4.000000 2112300.000000 3.653164
4500016.544291 438868.536246 8182.320000 2273.420898 2.000000 2016000.000000 3.713619
4500046.544291 438868.536246 8212.320000 2278.679688 4.000000 1978200.000000 3.757281
4500076.544291 438868.536246 8242.320000 2284.049561 4.000000 1223100.000000 3.801316
4500106.544291 438868.536246 8272.320000 2289.934814 4.000000 1201500.000000 3.855988
4500136.544291 438868.536246 8302.320000 2296.690918 4.000000 1043100.000000 3.911100
4500166.544291 438868.536246 8332.320000 2304.509033 4.000000 1042200.000000 3.969832
4500196.544291 438868.536246 8362.320000 2313.372803 4.000000 1041300.000000 4.028586
4500226.544291 438868.536246 8392.320000 2323.070801 4.000000 1040400.000000 4.087364
4500256.544291 438868.536246 8422.320000 2333.297119 4.000000 1039500.000000 4.146165
4500286.544291 438868.536246 8452.320000 2343.721191 4.000000 1038600.000000 4.204988
4500316.544291 438868.536246 8482.320000 2354.083008 4.000000 1037700.000000 4.263834
4500346.544291 438868.536246 8512.320000 2364.275391 4.000000 1021500.000000 4.322704
4500376.544291 438868.536246 8542.320000 2374.379639 4.000000 1008000.000000 4.381991
4500406.544291 438898.536246 8584.740000 2388.539062 8.000000 985500.000000 4.466327
4500436.544291 438898.536246 8614.740000 2398.094482 4.000000 973800.000000 4.526580
4500466.544291 438898.536246 8644.740000 2407.950684 4.000000 945900.000000 4.587157
4500496.544291 438928.536246 8687.160000 2420.753418 8.000000 934200.000000 4.673941
4500526.544291 438958.536246 8729.580000 2432.165039 8.000000 923400.000000 4.761213
4500556.544291 438988.536246 8772.000000 2441.117432 8.000000 909000.000000 4.848942
4500586.544291 439018.536246 8814.420000 2447.594238 8.000000 896400.000000 4.937294
4500616.544291 439048.536246 8856.840000 2452.849609 8.000000 243000.000000 5.026203
4500646.544291 439078.536246 8899.260000 2458.969727 8.000000 225000.000000 5.186177
